
Gurobi 13.0.3 (linux64) logging started Sat Sep 12 20:34:26 2026

Set parameter LogFile to value "Logs/Gurobi/dags_p0040_s2.txt"
Gurobi Optimizer version 13.0.3 build v13.0.3rc0 (linux64 - "Ubuntu 24.04.4 LTS")

CPU model: AMD Ryzen 7 7700 8-Core Processor, instruction set [SSE2|AVX|AVX2|AVX512]
Thread count: 8 physical cores, 16 logical processors, using up to 16 threads

Non-default parameters:
TimeLimit  3600
LogToConsole  0

Academic license 2863599 - for non-commercial use only - registered to be___@usm.cl
Optimize a model with 3310 rows, 2049 columns and 7758 nonzeros (Max)
Model fingerprint: 0xbda72df2
Model has 1623 linear objective coefficients
Variable types: 1623 continuous, 426 integer (426 binary)
Coefficient statistics:
  Matrix range     [1e+00, 5e+01]
  Objective range  [1e+00, 5e+00]
  Bounds range     [1e+00, 1e+00]
  RHS range        [1e+00, 1e+00]

Warning: Completing partial solution with 386 unfixed non-continuous variables out of 426
User MIP start produced solution with objective 79 (0.00s)
Loaded user MIP start with objective 79

Presolve removed 17 rows and 10 columns
Presolve time: 0.02s
Presolved: 3293 rows, 2039 columns, 7684 nonzeros
Variable types: 0 continuous, 2039 integer (2039 binary)

Root relaxation: objective 2.099656e+02, 3482 iterations, 0.08 seconds (0.20 work units)

    Nodes    |    Current Node    |     Objective Bounds      |     Work
 Expl Unexpl |  Obj  Depth IntInf | Incumbent    BestBd   Gap | It/Node Time

     0     0  209.96565    0 1896   79.00000  209.96565   166%     -    0s
     0     0  121.23254    0  920   79.00000  121.23254  53.5%     -    0s
     0     0  103.79580    0  694   79.00000  103.79580  31.4%     -    1s
     0     0  103.66166    0  681   79.00000  103.66166  31.2%     -    1s
     0     0  103.62396    0  707   79.00000  103.62396  31.2%     -    1s
     0     0   99.76107    0  787   79.00000   99.76107  26.3%     -    1s
     0     0   99.49549    0  778   79.00000   99.49549  25.9%     -    1s
     0     0   99.47351    0  768   79.00000   99.47351  25.9%     -    1s
     0     0   98.65192    0  766   79.00000   98.65192  24.9%     -    1s
     0     0   98.59797    0  815   79.00000   98.59797  24.8%     -    2s
     0     0   98.48752    0  777   79.00000   98.48752  24.7%     -    2s
     0     0   98.48752    0  777   79.00000   98.48752  24.7%     -    2s
     0     0   98.48752    0  777   79.00000   98.48752  24.7%     -    2s
     0     2   98.48720    0  777   79.00000   98.48720  24.7%     -    2s
H  148   150                      82.0000000   97.92100  19.4%   362    3s
   428   350     cutoff   41        82.00000   96.41373  17.6%   303    5s
  1856  1338   90.04160   14  777   82.00000   95.93561  17.0%   256   11s
  1876  1351   87.77241   31  753   82.00000   95.93561  17.0%   253   15s
  2389  1678   92.95366   25  627   82.00000   95.87366  16.9%   291   21s
  3058  1968   84.13756   41  291   82.00000   94.85474  15.7%   282   25s
  4503  2524   91.44499   33  591   82.00000   94.46654  15.2%   266   30s
  6276  3463   90.57320   28  522   82.00000   94.01970  14.7%   259   35s
  8525  5177   88.88943   31  378   82.00000   92.88864  13.3%   255   40s
 11009  6964   86.69859   41  347   82.00000   92.51294  12.8%   250   45s
 14343  9257   83.53693   68  191   82.00000   92.05955  12.3%   240   51s
 15694 10245   86.79206   35  417   82.00000   91.95917  12.1%   239   56s
 17705 11683   85.32069   44  449   82.00000   91.79874  11.9%   237   60s
 20164 13227     cutoff   36        82.00000   91.61209  11.7%   236   65s
 23962 15714   88.33452   39  460   82.00000   91.37211  11.4%   233   71s
 26658 17492   87.81778   23  300   82.00000   91.26435  11.3%   232   76s
 29987 19693   87.70621   24  463   82.00000   91.09737  11.1%   231   81s
 32507 21448   88.21944   25  349   82.00000   91.02339  11.0%   230   85s
 35007 22846   85.61675   38  351   82.00000   90.92530  10.9%   229   92s
 37908 24671   87.04894   30  563   82.00000   90.82837  10.8%   229   97s
 41014 26727   84.15588   41  398   82.00000   90.71945  10.6%   228  101s
 42795 26728   84.49488   42  777   82.00000   90.69854  10.6%   228  120s
 42809 26737   90.38085   31  760   82.00000   90.69854  10.6%   227  125s
 42824 26747   85.87065   34  740   82.00000   90.69854  10.6%   227  130s
 42844 26761   86.70925   38  763   82.00000   90.69854  10.6%   227  135s
 42953 26851   90.69854   28  622   82.00000   90.69854  10.6%   228  140s
 43280 27058   90.60547   37  512   82.00000   90.69854  10.6%   230  145s
 44023 27385   89.10848   45  378   82.00000   90.69854  10.6%   230  150s
 45027 27782   87.58569   47  431   82.00000   90.69854  10.6%   231  155s
 45730 28051   83.41803   61  411   82.00000   90.69854  10.6%   231  160s
 46838 28560   89.17632   34  510   82.00000   90.69854  10.6%   232  165s
 49146 29223   88.97177   36  558   82.00000   90.69854  10.6%   232  170s
 51417 30041   87.90094   39  445   82.00000   90.69854  10.6%   233  175s
 54580 30906   89.93290   33  496   82.00000   90.69854  10.6%   233  180s
 57444 31514   85.34021   44  318   82.00000   90.69854  10.6%   233  186s
 59873 32061   89.11486   43  439   82.00000   90.69854  10.6%   233  190s
 61699 32716   88.90309   48  505   82.00000   90.69854  10.6%   233  196s
 63822 33301     cutoff   61        82.00000   90.69854  10.6%   232  200s
 67769 34060   89.03424   37  540   82.00000   90.59462  10.5%   232  206s
 69622 34504   88.48850   43  554   82.00000   90.49475  10.4%   232  210s
 73529 35439   84.97724   51  324   82.00000   90.33023  10.2%   231  216s
 76449 36134   83.09287   47  438   82.00000   90.21452  10.0%   231  220s
 79539 36723   87.12115   47  472   82.00000   90.11123  9.89%   230  225s
 81091 36996   86.23370   54  356   82.00000   90.05031  9.82%   230  230s
 84289 37945   86.47852   51  405   82.00000   89.93140  9.67%   229  236s
 88103 38349   83.13631   46  455   82.00000   89.83104  9.55%   229  240s
 92717 39039   86.64474   43  353   82.00000   89.71343  9.41%   228  247s
 94930 39426   84.91093   47  429   82.00000   89.66709  9.35%   227  252s
 98212 40016   84.17429   46  557   82.00000   89.58665  9.25%   227  257s
 101678 40035   87.32626   43  472   82.00000   89.49739  9.14%   226  264s
 102361 40716   87.22137   44  457   82.00000   89.49182  9.14%   226  267s
 105853 41272   84.87448   45  410   82.00000   89.39469  9.02%   226  272s
 107949 41296   83.33879   45  350   82.00000   89.36223  8.98%   225  275s
 112265 41789   87.48627   43  489   82.00000   89.29090  8.89%   224  281s
 115749 41876   85.31077   40  398   82.00000   89.21365  8.80%   224  286s
 119289 42189   84.10924   46  405   82.00000   89.14911  8.72%   223  291s
 122712 42490   87.92267   39  459   82.00000   89.10132  8.66%   223  298s
 124344 43119   85.39501   39  465   82.00000   89.07753  8.63%   222  300s
 127700 44704   84.81402   35  421   82.00000   89.02556  8.57%   222  306s
 131392 46154     cutoff   46        82.00000   88.96273  8.49%   221  310s
 136211 48151   84.17048   46  400   82.00000   88.88930  8.40%   220  316s
 139530 49497   85.15692   47  465   82.00000   88.84561  8.35%   220  320s
 142650 50896   83.72978   39  541   82.00000   88.80073  8.29%   219  325s
 145608 52240   83.29218   53  260   82.00000   88.76213  8.25%   219  332s
 148986 53776   86.43681   41  466   82.00000   88.71331  8.19%   218  337s
 151000 54460   83.16578   52  321   82.00000   88.68935  8.16%   218  340s
 155651 56455   83.11568   52  207   82.00000   88.63017  8.09%   217  346s
 157996 57032   85.75104   52  256   82.00000   88.59760  8.05%   217  351s
 160619 58658   85.91042   34  345   82.00000   88.56294  8.00%   217  356s
 164470 60109     cutoff   48        82.00000   88.50637  7.93%   216  361s
 167886 61501   83.43711   51  270   82.00000   88.46780  7.89%   216  367s
 169712 62398   87.12077   43  468   82.00000   88.45071  7.87%   216  370s
 173336 63490   85.23069   51  407   82.00000   88.41053  7.82%   215  375s
 177638 65338     cutoff   44        82.00000   88.36875  7.77%   215  381s
 181001 66642   84.14321   39  438   82.00000   88.31837  7.71%   215  386s
 184617 67846     cutoff   57        82.00000   88.28246  7.66%   214  390s
 188531 69117   84.15191   47  436   82.00000   88.24847  7.62%   214  395s
 191498 70362   83.63627   44  393   82.00000   88.21497  7.58%   213  402s
 195081 71624   85.48840   41  458   82.00000   88.17726  7.53%   213  406s
 198371 72894   85.05224   41  392   82.00000   88.14808  7.50%   212  410s
 203321 74709   86.41197   37  437   82.00000   88.09656  7.43%   212  416s
 206570 75898   84.00131   45  379   82.00000   88.06441  7.40%   212  421s
 209888 76848     cutoff   46        82.00000   88.03741  7.36%   211  425s
 212799 78195   86.44471   46  444   82.00000   88.01181  7.33%   211  430s
 216475 79216   83.83468   64  317   82.00000   87.98148  7.29%   211  436s
 219810 80165   85.45344   38  426   82.00000   87.95288  7.26%   210  440s
 224634 81858   83.60562   49  391   82.00000   87.91121  7.21%   210  446s
 227966 82846   85.57004   43  400   82.00000   87.88262  7.17%   209  450s
 229885 83257   85.03542   46  453   82.00000   87.86869  7.16%   209  455s
 233507 84907   85.42015   56  489   82.00000   87.83558  7.12%   209  462s
 234806 85786   83.64979   59  347   82.00000   87.83539  7.12%   209  465s
 237376 86436   85.17945   35  401   82.00000   87.80602  7.08%   209  470s
 242863 88225   84.85962   42  476   82.00000   87.76789  7.03%   208  476s
 246144 89326   84.02059   44  381   82.00000   87.73976  7.00%   208  480s
 251033 91145   85.72753   44  171   82.00000   87.70431  6.96%   207  486s
 254554 92465   84.70517   44  512   82.00000   87.67744  6.92%   207  491s
 258365 93427   84.76529   43  489   82.00000   87.65088  6.89%   206  495s
 263034 94851   83.82062   55  417   82.00000   87.62081  6.85%   206  501s
 264469 95371   85.13363   38  420   82.00000   87.60981  6.84%   206  506s
 267732 96547   84.82520   44  434   82.00000   87.58715  6.81%   206  510s
 271900 98044   85.21152   38  424   82.00000   87.55928  6.78%   205  516s
 275392 99276   85.96928   47  382   82.00000   87.53309  6.75%   205  521s
 278767 100237     cutoff   50        82.00000   87.51194  6.72%   204  525s
 283964 101968   85.22975   42  492   82.00000   87.47727  6.68%   204  530s
 288902 103532   84.34898   59  409   82.00000   87.44539  6.64%   203  538s
 290504 104170     cutoff   36        82.00000   87.43694  6.63%   203  541s
 293919 105160     cutoff   37        82.00000   87.41311  6.60%   203  545s
 297301 106220   83.12616   46  412   82.00000   87.39141  6.57%   202  550s
 302486 107629     cutoff   65        82.00000   87.36164  6.54%   202  555s
 307337 109108   84.37642   36  336   82.00000   87.33479  6.51%   202  561s
 309139 109511   85.87293   42  473   82.00000   87.32287  6.49%   201  566s
 311173 110316   85.36632   44  526   82.00000   87.32230  6.49%   201  570s
 312814 110903   85.47973   50  365   82.00000   87.30821  6.47%   201  575s
 318282 112723   83.68541   61  395   82.00000   87.27171  6.43%   201  582s
 321928 113624   84.11170   50  259   82.00000   87.25397  6.41%   200  586s
 325316 114618     cutoff   46        82.00000   87.23516  6.38%   200  590s
 330049 116067   84.07920   41  409   82.00000   87.21056  6.35%   200  595s
 334915 117521   85.81426   52  283   82.00000   87.18447  6.32%   199  601s
 337595 118411   85.70946   67  414   82.00000   87.16969  6.30%   199  608s
 339373 119053   85.82225   33  459   82.00000   87.16114  6.29%   199  610s
 344316 120347   84.59360   40  423   82.00000   87.13706  6.26%   199  616s
 346536 121366   84.72873   44  348   82.00000   87.12953  6.26%   198  621s
 350559 122635     cutoff   48        82.00000   87.10217  6.22%   198  625s
 356024 124054   83.89448   38  312   82.00000   87.07593  6.19%   198  631s
 358956 124997   84.88824   50  405   82.00000   87.06070  6.17%   197  635s
 362838 125935   84.76517   53  210   82.00000   87.03841  6.14%   197  642s
 365931 126938   83.95480   64  223   82.00000   87.02304  6.13%   197  646s
 370731 128327   83.50236   56  342   82.00000   86.99797  6.10%   196  652s
 373887 129259   83.57917   47  417   82.00000   86.98164  6.08%   196  655s
 378704 130512   84.19878   46  318   82.00000   86.95924  6.05%   196  661s
 381977 131585   83.53252   39  256   82.00000   86.94387  6.03%   196  666s
 387266 133015   84.62352   43  397   82.00000   86.91872  6.00%   195  671s
 390161 133830   85.66483   43  482   82.00000   86.90807  5.99%   195  677s
 391915 134233   85.93334   38  234   82.00000   86.89906  5.97%   195  680s
 397014 135531   83.67845   42  319   82.00000   86.88012  5.95%   195  685s
 402037 137006   84.03580   40  403   82.00000   86.85880  5.93%   194  691s
 405658 138119   85.01775   47  339   82.00000   86.84370  5.91%   194  696s
 409128 138972     cutoff   63        82.00000   86.82967  5.89%   194  700s
 412983 139792   85.34963   47  495   82.00000   86.81702  5.87%   194  705s
 415047 140803   85.22199   44  369   82.00000   86.80577  5.86%   193  712s
 418980 141826   83.17649   41  303   82.00000   86.78595  5.84%   193  716s
 422593 142730   85.71670   40  430   82.00000   86.77276  5.82%   193  720s
 425934 143633   83.49209   38  399   82.00000   86.76234  5.81%   193  725s
 432050 145138   85.53326   47  266   82.00000   86.73782  5.78%   192  731s
 435280 145969   85.05905   57  312   82.00000   86.72543  5.76%   192  735s
 440351 147226   84.20966   46  278   82.00000   86.70499  5.74%   192  741s
 442036 147687   85.00357   52  258   82.00000   86.69640  5.73%   192  745s
 445467 148768   83.05232   42  410   82.00000   86.68379  5.71%   191  750s
 450482 149877   84.99999   50  351   82.00000   86.66650  5.69%   191  756s
 453389 150645     cutoff   47        82.00000   86.65796  5.68%   191  760s
 458771 152047   84.23084   54  301   82.00000   86.63428  5.65%   191  766s
 462136 152888   84.79800   54  467   82.00000   86.62071  5.64%   190  770s
 467160 154284   84.06930   53  276   82.00000   86.60207  5.61%   190  779s
 469195 154776     cutoff   44        82.00000   86.59576  5.60%   190  781s
 472638 155655   83.92908   65  410   82.00000   86.58221  5.59%   190  785s
 477535 156885     cutoff   46        82.00000   86.56329  5.56%   189  790s
 482512 158243     cutoff   56        82.00000   86.54614  5.54%   189  795s
 486768 159335   83.22642   63  268   82.00000   86.53340  5.53%   189  801s
 490538 160259     cutoff   44        82.00000   86.51983  5.51%   188  805s
 495499 161471   83.71442   58  339   82.00000   86.50261  5.49%   188  810s
 498662 162222   84.19584   38  362   82.00000   86.49228  5.48%   188  816s
 503445 163408   83.37924   47  326   82.00000   86.47490  5.46%   188  821s
 506726 164216   85.30493   59  338   82.00000   86.46357  5.44%   188  825s
 510019 165048   84.56661   42  458   82.00000   86.45257  5.43%   187  830s
 515031 165989     cutoff   53        82.00000   86.43743  5.41%   187  835s
 517181 166426   83.20743   51  286   82.00000   86.43302  5.41%   187  840s
 520971 167719   84.78732   41  416   82.00000   86.41894  5.39%   187  849s
 523060 168235     cutoff   56        82.00000   86.41421  5.38%   187  851s
 527026 169093   84.03876   52  438   82.00000   86.40117  5.37%   186  855s
 530806 169842   83.48202   47  396   82.00000   86.38992  5.35%   186  860s
 534506 170784   84.44591   38  394   82.00000   86.37626  5.34%   186  865s
 539756 172141   84.45052   46  373   82.00000   86.35885  5.32%   186  870s
 544930 173406   84.18530   48  262   82.00000   86.34180  5.29%   185  876s
 547727 174060     cutoff   46        82.00000   86.33381  5.29%   185  880s
 551281 174936   84.97167   49  430   82.00000   86.32197  5.27%   185  887s
 554651 175761   83.16888   50  216   82.00000   86.31319  5.26%   185  891s
 559922 176911   83.10716   49  290   82.00000   86.29638  5.24%   184  896s
 563309 177802   85.12876   48  450   82.00000   86.28559  5.23%   184  900s
 568218 179005   84.10441   41  447   82.00000   86.26884  5.21%   184  905s
 572701 180239   84.74092   50  414   82.00000   86.25620  5.19%   184  912s
 576225 180913   83.66542   44  310   82.00000   86.24433  5.18%   184  918s
 577911 181296   84.37820   60  361   82.00000   86.23938  5.17%   184  920s
 583130 182589   83.54135   54  327   82.00000   86.22383  5.15%   183  925s
 588186 183569   83.14041   54  174   82.00000   86.21154  5.14%   183  931s
 592511 184782   83.44015   38  319   82.00000   86.19729  5.12%   183  936s
 596177 185610   84.37327   51  381   82.00000   86.18782  5.11%   183  941s
 600867 186552   83.32549   34  317   82.00000   86.17360  5.09%   182  946s
 604214 187433   83.88705   55  331   82.00000   86.16462  5.08%   182  952s
 607706 188247   84.32034   62  288   82.00000   86.15546  5.07%   182  956s
 612971 189423   84.91793   47  323   82.00000   86.14163  5.05%   182  961s
 616215 190178   85.04913   46  376   82.00000   86.13172  5.04%   182  965s
 621441 191125   84.33509   42  278   82.00000   86.11811  5.02%   181  970s
 626425 191910     cutoff   46        82.00000   86.10341  5.00%   181  975s
 630943 193097   83.79365   54  216   82.00000   86.09038  4.99%   181  981s
 634370 193834     cutoff   48        82.00000   86.08226  4.98%   181  986s
 637665 194565   83.20304   40  402   82.00000   86.07325  4.97%   181  991s
 643073 195552   83.27293   64  388   82.00000   86.05818  4.95%   180  996s
 647871 196624   83.88024   57  163   82.00000   86.04594  4.93%   180 1001s
 652597 197554   84.15388   49  318   82.00000   86.03352  4.92%   180 1006s
 657438 198270   83.75736   49  415   82.00000   86.02069  4.90%   180 1011s
 659387 198870   84.82023   42  359   82.00000   86.01704  4.90%   180 1015s
 663181 199616     cutoff   46        82.00000   86.00596  4.89%   179 1021s
 666858 200300   85.32102   43  347   82.00000   85.99761  4.88%   179 1025s
 671915 201307   84.38947   40  441   82.00000   85.98435  4.86%   179 1030s
 676920 202271     cutoff   50        82.00000   85.97390  4.85%   179 1035s
 681852 203102     cutoff   47        82.00000   85.96331  4.83%   178 1041s
 684174 203569   83.49402   49  269   82.00000   85.96220  4.83%   178 1046s
 688493 204540   83.02452   52  237   82.00000   85.94816  4.81%   178 1051s
 690706 204872     cutoff   51        82.00000   85.94138  4.81%   178 1055s
 696196 205956   83.78376   46  429   82.00000   85.92791  4.79%   178 1061s
 699872 206689   83.07784   48  358   82.00000   85.91712  4.78%   178 1065s
 705582 207725   83.87413   47  400   82.00000   85.90298  4.76%   177 1071s
 710509 208562     cutoff   60        82.00000   85.89140  4.75%   177 1076s
 714763 209494     cutoff   61        82.00000   85.88189  4.73%   177 1081s
 719988 210566   84.19146   45  313   82.00000   85.87017  4.72%   177 1086s
 723287 211026     cutoff   45        82.00000   85.86194  4.71%   177 1092s
 723535 213072   84.82005   45  354   82.00000   85.86194  4.71%   177 1105s
 740351 213899   84.17629   48  406   82.00000   85.83574  4.68%   176 1111s
 742932 214399   83.87266   53  391   82.00000   85.82963  4.67%   176 1115s
 748336 215362     cutoff   51        82.00000   85.81702  4.65%   175 1121s
 750073 215628     cutoff   55        82.00000   85.81358  4.65%   175 1125s
 755037 216452   83.43059   50  390   82.00000   85.80336  4.64%   175 1131s
 758201 216946   85.01066   43  271   82.00000   85.79457  4.63%   175 1135s
 763057 217877   83.27993   48  358   82.00000   85.78431  4.62%   175 1140s
 766469 218548     cutoff   53        82.00000   85.77806  4.61%   175 1145s
 771731 219324   84.09027   53  250   82.00000   85.76718  4.59%   174 1152s
 775033 219831   83.74700   46  358   82.00000   85.76062  4.59%   174 1156s
 776066 220126   83.18062   61  199   82.00000   85.75994  4.59%   174 1160s
 779328 220683   83.17995   46  291   82.00000   85.75149  4.57%   174 1165s
 784555 221633   83.70526   50  434   82.00000   85.73967  4.56%   174 1171s
 788034 222296     cutoff   46        82.00000   85.73286  4.55%   174 1176s
 791774 222799   84.68235   41  298   82.00000   85.72388  4.54%   173 1180s
 796686 223763   83.21757   49  313   82.00000   85.71441  4.53%   173 1186s
 799977 224290     cutoff   43        82.00000   85.70752  4.52%   173 1190s
 803149 224760   83.27128   47  221   82.00000   85.70160  4.51%   173 1196s
 806511 225260   84.03981   54  438   82.00000   85.69437  4.51%   173 1200s
 809370 225748   84.09216   47  249   82.00000   85.68955  4.50%   173 1205s
 814802 226649   83.82861   64  263   82.00000   85.67878  4.49%   173 1211s
 817719 227021   83.76318   48  216   82.00000   85.67413  4.48%   172 1215s
 822235 227678   83.02013   50  114   82.00000   85.66881  4.47%   172 1221s
 825521 228222     cutoff   51        82.00000   85.65742  4.46%   172 1228s
 827281 228378 infeasible   55        82.00000   85.65400  4.46%   172 1230s
 830079 228878   83.71527   48  345   82.00000   85.64876  4.45%   172 1235s
 835035 229586   84.77599   47  470   82.00000   85.63815  4.44%   172 1240s
 840432 230337   83.85975   60  349   82.00000   85.62811  4.42%   172 1246s
 845569 231080   83.69543   41  453   82.00000   85.61737  4.41%   171 1251s
 850616 231764     cutoff   44        82.00000   85.60849  4.40%   171 1256s
 854186 232214   83.39255   67  407   82.00000   85.60097  4.39%   171 1262s
 855424 232370   83.57539   43  278   82.00000   85.59944  4.39%   171 1265s
 858323 232837   83.22054   54  385   82.00000   85.59825  4.39%   171 1272s
 861569 233455   83.26733   49  335   82.00000   85.58739  4.37%   171 1276s
 866103 234138   83.41485   59  279   82.00000   85.57866  4.36%   171 1280s
 872006 234947   83.60454   61  225   82.00000   85.56710  4.35%   170 1286s
 875648 235372   84.68126   57  376   82.00000   85.56016  4.34%   170 1291s
 878718 235863     cutoff   49        82.00000   85.55455  4.33%   170 1297s
 882178 236300     cutoff   47        82.00000   85.54895  4.33%   170 1301s
 885474 236760   83.25312   53  287   82.00000   85.54165  4.32%   170 1305s
 890517 237508     cutoff   63        82.00000   85.53214  4.31%   170 1310s
 896062 238315     cutoff   47        82.00000   85.52297  4.30%   170 1315s
 900385 238834   84.53563   42  380   82.00000   85.51650  4.29%   169 1320s
 905470 239564     cutoff   65        82.00000   85.50701  4.28%   169 1325s
 910521 240193   83.94047   48  467   82.00000   85.49674  4.26%   169 1332s
 912140 240349   83.70365   42  429   82.00000   85.49378  4.26%   169 1335s
 917479 240964     cutoff   47        82.00000   85.48449  4.25%   169 1341s
 922289 241738   83.65275   49  419   82.00000   85.47656  4.24%   169 1345s
 927437 242322   83.35352   44  313   82.00000   85.46842  4.23%   168 1350s
 932109 242925   83.30076   50  149   82.00000   85.45935  4.22%   168 1355s
 937141 243563   84.07890   48  317   82.00000   85.45149  4.21%   168 1361s
 940970 243976   83.31774   45  365   82.00000   85.44521  4.20%   168 1366s
 943721 244342   83.00363   52  432   82.00000   85.44110  4.20%   168 1370s
 950627 245093     cutoff   56        82.00000   85.42894  4.18%   168 1376s
 955505 245649   83.49175   58  382   82.00000   85.42048  4.17%   167 1381s
 960799 246252   83.46403   52  391   82.00000   85.41227  4.16%   167 1386s
 965236 246808   83.17251   52  260   82.00000   85.40446  4.15%   167 1391s
 970734 247530   84.71862   46  245   82.00000   85.39506  4.14%   167 1396s
 972419 247763     cutoff   53        82.00000   85.39224  4.14%   167 1400s
 977491 248295   83.46401   59  281   82.00000   85.38343  4.13%   167 1406s
 982958 248843   84.43134   55  136   82.00000   85.37488  4.12%   167 1411s
 987349 249311     cutoff   46        82.00000   85.36776  4.11%   166 1416s
 990728 249609   84.08149   57  401   82.00000   85.36295  4.10%   166 1420s
 995974 250188   84.39798   50  269   82.00000   85.35407  4.09%   166 1425s
 1000444 250717   84.09582   50  296   82.00000   85.34700  4.08%   166 1431s
 1004108 251007     cutoff   58        82.00000   85.34197  4.08%   166 1436s
 1009136 251567     cutoff   43        82.00000   85.33448  4.07%   166 1441s
 1014191 252023   84.01123   47  199   82.00000   85.32639  4.06%   165 1446s
 1018757 252504   84.36586   48  189   82.00000   85.31864  4.05%   165 1450s
 1024331 253020   84.32185   53  188   82.00000   85.31063  4.04%   165 1455s
 1029225 253520     cutoff   50        82.00000   85.30262  4.03%   165 1461s
 1031794 253744   83.87186   45  457   82.00000   85.29904  4.02%   165 1465s
 1035139 254021   83.98985   49  308   82.00000   85.29354  4.02%   165 1471s
 1040170 254519   84.12330   47  445   82.00000   85.28481  4.01%   165 1475s
 1045103 255003     cutoff   47        82.00000   85.27795  4.00%   164 1481s
 1049988 255407   84.16648   58  212   82.00000   85.27110  3.99%   164 1485s
 1054763 255659   84.13217   49  249   82.00000   85.26289  3.98%   164 1490s
 1058122 255876     cutoff   53        82.00000   85.26167  3.98%   164 1495s
 1061672 256165   84.35095   52  277   82.00000   85.25681  3.97%   164 1500s
 1063519 256279   84.08090   46  353   82.00000   85.25092  3.96%   164 1505s
 1068823 256720   84.48010   52  197   82.00000   85.24170  3.95%   164 1510s
 1075622 257258   84.07344   63  406   82.00000   85.23176  3.94%   164 1516s
 1080287 257536   83.06032   61  423   82.00000   85.22484  3.93%   163 1520s
 1085133 258083   83.25507   47  377   82.00000   85.21749  3.92%   163 1525s
 1090163 258370   83.13693   40  428   82.00000   85.21018  3.91%   163 1531s
 1095469 258765     cutoff   57        82.00000   85.20158  3.90%   163 1538s
 1097178 258842   83.97765   49  405   82.00000   85.19953  3.90%   163 1540s
 1103656 259246   83.47929   61  243   82.00000   85.18987  3.89%   163 1546s
 1109079 259605     cutoff   54        82.00000   85.18134  3.88%   163 1551s
 1113873 259813   84.56345   45  295   82.00000   85.17391  3.87%   162 1555s
 1118854 260251   83.56735   49  302   82.00000   85.16615  3.86%   162 1560s
 1123874 260495     cutoff   53        82.00000   85.15932  3.85%   162 1566s
 1128686 260806   83.78382   62  307   82.00000   85.15139  3.84%   162 1574s
 1130212 260879   83.20814   43  429   82.00000   85.14983  3.84%   162 1576s
 1134144 261073   84.02228   46  425   82.00000   85.14364  3.83%   162 1580s
 1139039 261482   83.92161   42  433   82.00000   85.13695  3.83%   162 1586s
 1142788 261677   83.23684   56  419   82.00000   85.13164  3.82%   162 1591s
 1146288 261973   83.31371   51  433   82.00000   85.12658  3.81%   162 1595s
 1151736 262216     cutoff   55        82.00000   85.11901  3.80%   161 1601s
 1154891 262458   83.46238   48  265   82.00000   85.11438  3.80%   161 1607s
 1157770 262535   84.00001   52  402   82.00000   85.11018  3.79%   161 1611s
 1159334 262806   83.73079   39  324   82.00000   85.10934  3.79%   161 1615s
 1164823 263027   83.18183   50  327   82.00000   85.09984  3.78%   161 1621s
 1170047 263205   83.56731   49  299   82.00000   85.09179  3.77%   161 1627s
 1173894 263394   83.68135   51  443   82.00000   85.08722  3.76%   161 1630s
 1178638 263590     cutoff   50        82.00000   85.08053  3.76%   161 1635s
 1183077 263852   83.18768   43  405   82.00000   85.07416  3.75%   160 1642s
 1186387 263972     cutoff   43        82.00000   85.06955  3.74%   160 1646s
 1190684 264127   83.31736   49  180   82.00000   85.06634  3.74%   160 1652s
 1192315 264218   84.91653   56  426   82.00000   85.06429  3.74%   160 1655s
 1197376 264378   84.07058   48  424   82.00000   85.05431  3.72%   160 1661s
 1201328 264535   83.70961   54  431   82.00000   85.04723  3.72%   160 1665s
 1206488 264678   84.68199   50  455   82.00000   85.03974  3.71%   160 1671s
 1210309 264913   84.78364   50  458   82.00000   85.03479  3.70%   160 1676s
 1214146 265061     cutoff   64        82.00000   85.03022  3.70%   160 1681s
 1219067 265218   83.31853   43  377   82.00000   85.02333  3.69%   160 1686s
 1224209 265407   83.67154   56  257   82.00000   85.01678  3.68%   159 1691s
 1227607 265476   83.37724   43  326   82.00000   85.01221  3.67%   159 1695s
 1232100 265639     cutoff   49        82.00000   85.00649  3.67%   159 1700s
 1235443 265744   84.24948   59  152   82.00000   85.00213  3.66%   159 1705s
 1239224 265885   83.29885   47  295   82.00000   84.99728  3.66%   159 1710s
 1244235 266073   83.71593   47  405   82.00000   84.99140  3.65%   159 1715s
 1249245 266194     cutoff   46        82.00000   84.98484  3.64%   159 1721s
 1253955 266260     cutoff   50        82.00000   84.97900  3.63%   159 1726s
 1258448 266295   83.72701   48  231   82.00000   84.97385  3.63%   158 1732s
 1261978 266275   84.64179   52  517   82.00000   84.96755  3.62%   158 1735s
 1267100 266325   83.45605   46  354   82.00000   84.96090  3.61%   158 1741s
 1268703 266310   83.31432   53  124   82.00000   84.95868  3.61%   158 1745s
 1273702 266404     cutoff   55        82.00000   84.95184  3.60%   158 1750s
 1278262 266417   83.10031   52  358   82.00000   84.94585  3.59%   158 1755s
 1280461 266496   84.23518   56  304   82.00000   84.94487  3.59%   158 1760s
 1283504 266549   84.06513   58  252   82.00000   84.94467  3.59%   158 1766s
 1288694 266627   83.61439   56  387   82.00000   84.93281  3.58%   158 1771s
 1292617 266633   83.46440   58  388   82.00000   84.92744  3.57%   158 1775s
 1294738 266609   83.52739   55  270   82.00000   84.92433  3.57%   157 1780s
 1300450 266694   83.30766   54  257   82.00000   84.91692  3.56%   157 1786s
 1305330 266673     cutoff   49        82.00000   84.91117  3.55%   157 1790s
 1310415 266641     cutoff   52        82.00000   84.90346  3.54%   157 1795s
 1315357 266659   83.63509   46  210   82.00000   84.89674  3.53%   157 1800s
 1320425 266587     cutoff   48        82.00000   84.89093  3.53%   157 1805s
 1325339 266448     cutoff   69        82.00000   84.88423  3.52%   157 1810s
 1328971 266472   83.57728   52  214   82.00000   84.87950  3.51%   157 1815s
 1333568 266405   83.26187   47  350   82.00000   84.87387  3.50%   157 1821s
 1338717 266383   84.08275   53  317   82.00000   84.86747  3.50%   156 1826s
 1343864 266259     cutoff   47        82.00000   84.86023  3.49%   156 1831s
 1348990 266089   83.31654   59  265   82.00000   84.85298  3.48%   156 1836s
 1353908 265891   83.43668   51  135   82.00000   84.84614  3.47%   156 1841s
 1358949 265788     cutoff   44        82.00000   84.84000  3.46%   156 1848s
 1360957 265765   83.10834   51  209   82.00000   84.83714  3.46%   156 1850s
 1365429 265739   83.18436   46  378   82.00000   84.83106  3.45%   156 1855s
 1372460 265500     cutoff   52        82.00000   84.82262  3.44%   156 1861s
 1377564 265400   83.12139   61  283   82.00000   84.81541  3.43%   156 1866s
 1383042 265299   83.92458   45  488   82.00000   84.80888  3.43%   155 1871s
 1387284 265190   83.11130   51  232   82.00000   84.80343  3.42%   155 1876s
 1390886 265056   83.05291   54  293   82.00000   84.79850  3.41%   155 1881s
 1393862 264940   83.68214   42  315   82.00000   84.79463  3.41%   155 1885s
 1399052 264795   84.16373   50  386   82.00000   84.78780  3.40%   155 1890s
 1404203 264545   83.71882   52  521   82.00000   84.78174  3.39%   155 1897s
 1407323 264401     cutoff   60        82.00000   84.77730  3.39%   155 1902s
 1410544 264233   83.34986   47  103   82.00000   84.77296  3.38%   155 1906s
 1413507 264145   84.44083   49  378   82.00000   84.77024  3.38%   155 1911s
 1417002 263978   83.19451   56  435   82.00000   84.76468  3.37%   155 1917s
 1420511 263843     cutoff   57        82.00000   84.76029  3.37%   155 1921s
 1423851 263717   83.85452   53  331   82.00000   84.75566  3.36%   154 1925s
 1428645 263465   84.16407   47  315   82.00000   84.74972  3.35%   154 1930s
 1435434 263158   83.79732   43  311   82.00000   84.74111  3.34%   154 1936s
 1440293 262939   83.25140   48  184   82.00000   84.73508  3.34%   154 1941s
 1444955 262744   83.95612   66  290   82.00000   84.73016  3.33%   154 1946s
 1448485 262556   83.95931   47  378   82.00000   84.72551  3.32%   154 1951s
 1451882 262425   83.38914   59  313   82.00000   84.72125  3.32%   154 1955s
 1456916 262196   83.51115   45  306   82.00000   84.71526  3.31%   154 1960s
 1461770 261969     cutoff   41        82.00000   84.70977  3.30%   154 1965s
 1466226 261767     cutoff   54        82.00000   84.70443  3.30%   154 1970s
 1471257 261442   83.09758   64  406   82.00000   84.69820  3.29%   153 1975s
 1474531 261275   83.15027   49  375   82.00000   84.69544  3.29%   153 1980s
 1478140 261047     cutoff   57        82.00000   84.68994  3.28%   153 1986s
 1483272 260621     cutoff   43        82.00000   84.68343  3.27%   153 1990s
 1488396 260262   83.58266   48  421   82.00000   84.67712  3.26%   153 1996s
 1493144 259955     cutoff   38        82.00000   84.67153  3.26%   153 2001s
 1498109 259572     cutoff   56        82.00000   84.66508  3.25%   153 2006s
 1503259 259310     cutoff   42        82.00000   84.65923  3.24%   153 2011s
 1507656 258990   83.64538   40  208   82.00000   84.65378  3.24%   153 2018s
 1509443 258898   83.83569   44  328   82.00000   84.65172  3.23%   153 2020s
 1514679 258496   84.12907   50  249   82.00000   84.64512  3.23%   153 2025s
 1519734 258194   83.84138   40  327   82.00000   84.63909  3.22%   152 2030s
 1523625 257832     cutoff   59        82.00000   84.63505  3.21%   152 2035s
 1528788 257412   83.52840   60  157   82.00000   84.62837  3.21%   152 2040s
 1533919 256953   83.55569   47  374   82.00000   84.62178  3.20%   152 2045s
 1538414 256422   83.19826   54  289   82.00000   84.61613  3.19%   152 2050s
 1541678 256087     cutoff   65        82.00000   84.61168  3.18%   152 2056s
 1546708 255598   83.43859   48  394   82.00000   84.60526  3.18%   152 2061s
 1551869 255158   83.85098   50  168   82.00000   84.59871  3.17%   152 2066s
 1556893 254717   83.07952   63  291   82.00000   84.59222  3.16%   152 2071s
 1561490 254327   83.33801   59  321   82.00000   84.58639  3.15%   152 2076s
 1564815 253985     cutoff   49        82.00000   84.58255  3.15%   152 2080s
 1569737 253442     cutoff   48        82.00000   84.57671  3.14%   151 2088s
 1571401 253278   83.07594   51  403   82.00000   84.57456  3.14%   151 2090s
 1576038 252805     cutoff   54        82.00000   84.56999  3.13%   151 2096s
 1579439 252486   83.00430   62  167   82.00000   84.56496  3.13%   151 2100s
 1584630 251904   83.48060   47  260   82.00000   84.55850  3.12%   151 2106s
 1589514 251408   83.28539   55  335   82.00000   84.55271  3.11%   151 2111s
 1592882 250969   83.17033   37  314   82.00000   84.54845  3.11%   151 2115s
 1596173 250603   83.65271   56  341   82.00000   84.54448  3.10%   151 2121s
 1599291 250242   83.26149   59  272   82.00000   84.54112  3.10%   151 2125s
 1604253 249684     cutoff   53        82.00000   84.53455  3.09%   151 2131s
 1607553 249283   84.20347   40  384   82.00000   84.53053  3.09%   151 2135s
 1612320 248794     cutoff   61        82.00000   84.52468  3.08%   151 2141s
 1615521 248389     cutoff   52        82.00000   84.52100  3.07%   151 2145s
 1620655 247741   83.20886   55  266   82.00000   84.51490  3.07%   150 2151s
 1622365 247567   83.27385   54  246   82.00000   84.51213  3.06%   150 2156s
 1625784 247179   83.30527   64  305   82.00000   84.50819  3.06%   150 2160s
 1631676 246294   83.05110   42  383   82.00000   84.50172  3.05%   150 2166s
 1636697 245621   83.27407   56  350   82.00000   84.49394  3.04%   150 2171s
 1641729 244915   83.21409   53  408   82.00000   84.48783  3.03%   150 2175s
 1646629 244234     cutoff   56        82.00000   84.48150  3.03%   150 2180s
 1651478 243492     cutoff   52        82.00000   84.47563  3.02%   150 2185s
 1654716 243048     cutoff   57        82.00000   84.47120  3.01%   150 2190s
 1659560 242263     cutoff   62        82.00000   84.46558  3.01%   150 2195s
 1664394 241485   83.48285   50  322   82.00000   84.45914  3.00%   150 2200s
 1669449 240701     cutoff   48        82.00000   84.45208  2.99%   150 2205s
 1676231 239649   83.86792   61  377   82.00000   84.44332  2.98%   149 2211s
 1680891 238951   83.49589   50  333   82.00000   84.43748  2.97%   149 2216s
 1685797 238125     cutoff   56        82.00000   84.43115  2.96%   149 2220s
 1689149 237616     cutoff   47        82.00000   84.42718  2.96%   149 2226s
 1694091 236647     cutoff   50        82.00000   84.42062  2.95%   149 2230s
 1698408 235870     cutoff   43        82.00000   84.41589  2.95%   149 2235s
 1703439 235017     cutoff   44        82.00000   84.40837  2.94%   149 2240s
 1708588 234090   83.84998   47  330   82.00000   84.40244  2.93%   149 2245s
 1715221 232923     cutoff   42        82.00000   84.39387  2.92%   149 2251s
 1720276 232060   83.22662   44  438   82.00000   84.38673  2.91%   149 2256s
 1721476 231745   83.49356   53  344   82.00000   84.38626  2.91%   149 2260s
 1728298 230497   84.06737   52  296   82.00000   84.37671  2.90%   148 2266s
 1733263 229564     cutoff   52        82.00000   84.37032  2.89%   148 2271s
 1737994 228633     cutoff   55        82.00000   84.36442  2.88%   148 2276s
 1743127 227647     cutoff   46        82.00000   84.35757  2.88%   148 2280s
 1747927 226764   83.06128   56  282   82.00000   84.35189  2.87%   148 2285s
 1752992 225784     cutoff   51        82.00000   84.34539  2.86%   148 2290s
 1756310 225092   84.03858   44  449   82.00000   84.34089  2.85%   148 2295s
 1760813 224096   83.06753   43  276   82.00000   84.33519  2.85%   148 2300s
 1767744 222683   83.26425   44  380   82.00000   84.32591  2.84%   148 2306s
 1772674 221963     cutoff   45        82.00000   84.31975  2.83%   148 2311s
 1775196 221137     cutoff   47        82.00000   84.31665  2.83%   148 2316s
 1780137 219966   83.14416   42  363   82.00000   84.31026  2.82%   147 2321s
 1785277 218784   83.32673   47  427   82.00000   84.30327  2.81%   147 2328s
 1788691 218043   83.40696   46  173   82.00000   84.29882  2.80%   147 2331s
 1793752 217042     cutoff   43        82.00000   84.29245  2.80%   147 2336s
 1798326 215861     cutoff   57        82.00000   84.28647  2.79%   147 2340s
 1803255 214634     cutoff   47        82.00000   84.27950  2.78%   147 2345s
 1808289 213337     cutoff   59        82.00000   84.27307  2.77%   147 2350s
 1813216 212130   83.63153   55  257   82.00000   84.26595  2.76%   147 2355s
 1819997 210513     cutoff   62        82.00000   84.25747  2.75%   147 2363s
 1821643 210166     cutoff   53        82.00000   84.25513  2.75%   147 2365s
 1826219 208778     cutoff   56        82.00000   84.24866  2.74%   147 2370s
 1832829 206967     cutoff   46        82.00000   84.23904  2.73%   147 2376s
 1837759 205603   83.17206   47  450   82.00000   84.23205  2.72%   146 2381s
 1842417 204274   83.20876   50  233   82.00000   84.22549  2.71%   146 2385s
 1847409 202916     cutoff   57        82.00000   84.21772  2.70%   146 2391s
 1850860 201954   83.42361   65  304   82.00000   84.21333  2.70%   146 2396s
 1855766 200632     cutoff   61        82.00000   84.20625  2.69%   146 2401s
 1860335 199249   83.06730   63  350   82.00000   84.19992  2.68%   146 2406s
 1865408 197803   83.62650   50  203   82.00000   84.19258  2.67%   146 2410s
 1870415 196277     cutoff   48        82.00000   84.18567  2.67%   146 2415s
 1875343 194821   83.48850   51  332   82.00000   84.17832  2.66%   146 2420s
 1879882 193409     cutoff   56        82.00000   84.17172  2.65%   146 2425s
 1883292 192299     cutoff   51        82.00000   84.16604  2.64%   146 2431s
 1886646 191238   83.10320   43  323   82.00000   84.16110  2.64%   146 2435s
 1891721 189618   83.31804   51  142   82.00000   84.15365  2.63%   146 2440s
 1898022 187601     cutoff   54        82.00000   84.14393  2.61%   145 2446s
 1903098 186031     cutoff   55        82.00000   84.13638  2.61%   145 2450s
 1908157 184358     cutoff   62        82.00000   84.12893  2.60%   145 2455s
 1912174 183009     cutoff   54        82.00000   84.12365  2.59%   145 2460s
 1915519 181966     cutoff   40        82.00000   84.11802  2.58%   145 2466s
 1920418 180207     cutoff   51        82.00000   84.11039  2.57%   145 2471s
 1925438 178365     cutoff   40        82.00000   84.10262  2.56%   145 2475s
 1930368 176713     cutoff   44        82.00000   84.09469  2.55%   145 2480s
 1935158 174883   83.25788   44  313   82.00000   84.08707  2.55%   145 2485s
 1940160 173071     cutoff   57        82.00000   84.07966  2.54%   145 2490s
 1945324 171164     cutoff   46        82.00000   84.07144  2.53%   145 2495s
 1948114 170064   83.27497   53  454   82.00000   84.06812  2.52%   145 2500s
 1953121 168104     cutoff   54        82.00000   84.05855  2.51%   145 2505s
 1958089 166117     cutoff   48        82.00000   84.05057  2.50%   144 2510s
 1964804 163376     cutoff   45        82.00000   84.03925  2.49%   144 2516s
 1969721 161287     cutoff   60        82.00000   84.03081  2.48%   144 2520s
 1974784 159438   83.17318   56  281   82.00000   84.02328  2.47%   144 2525s
 1979438 157314     cutoff   64        82.00000   84.01517  2.46%   144 2530s
 1982789 155884     cutoff   54        82.00000   84.00947  2.45%   144 2535s
 1987620 153700     cutoff   73        82.00000   84.00125  2.44%   144 2540s
 1992542 151601     cutoff   54        82.00000   83.99295  2.43%   144 2545s
 1999070 148464     cutoff   49        82.00000   83.98176  2.42%   144 2551s
 2004053 146091     cutoff   42        82.00000   83.97196  2.40%   144 2555s
 2008922 143760     cutoff   68        82.00000   83.96332  2.39%   143 2560s
 2013131 141674     cutoff   39        82.00000   83.95552  2.38%   143 2565s
 2016685 139970     cutoff   52        82.00000   83.94848  2.38%   143 2570s
 2021875 137454     cutoff   56        82.00000   83.93903  2.36%   143 2575s
 2028636 134117     cutoff   51        82.00000   83.92657  2.35%   143 2581s
 2033575 131502   83.23895   57  241   82.00000   83.91730  2.34%   143 2585s
 2038143 129101   83.14813   41  226   82.00000   83.90836  2.33%   143 2590s
 2043643 126293   83.05234   54  190   82.00000   83.89849  2.32%   143 2596s
 2048812 123495   83.20888   45  253   82.00000   83.88762  2.30%   143 2603s
 2050604 122585     cutoff   50        82.00000   83.88397  2.30%   143 2605s
 2057005 119071   83.33934   55  275   82.00000   83.87127  2.28%   143 2611s
 2062170 116122   83.05974   59  224   82.00000   83.85971  2.27%   142 2615s
 2067146 113163     cutoff   65        82.00000   83.84899  2.25%   142 2620s
 2073861 109190   83.06861   54  369   82.00000   83.83445  2.24%   142 2625s
 2078855 106307     cutoff   55        82.00000   83.82400  2.22%   142 2630s
 2083838 103068   83.04738   53   85   82.00000   83.81230  2.21%   142 2637s
 2087146 101206     cutoff   42        82.00000   83.80486  2.20%   142 2641s
 2090209 99053     cutoff   40        82.00000   83.79798  2.19%   142 2645s
 2095258 95703     cutoff   44        82.00000   83.78536  2.18%   142 2650s
 2102088 91233     cutoff   60        82.00000   83.76947  2.16%   142 2656s
 2107118 88093     cutoff   51        82.00000   83.75614  2.14%   141 2661s
 2110294 86519     cutoff   51        82.00000   83.74793  2.13%   141 2665s
 2114428 82913     cutoff   48        82.00000   83.73749  2.12%   141 2672s
 2118013 80487     cutoff   50        82.00000   83.72788  2.11%   141 2675s
 2123139 77135     cutoff   54        82.00000   83.71457  2.09%   141 2680s
 2130058 71876     cutoff   44        82.00000   83.69547  2.07%   141 2686s
 2135595 67845     cutoff   48        82.00000   83.67862  2.05%   141 2690s
 2141002 63844     cutoff   54        82.00000   83.66177  2.03%   141 2695s
 2146245 59555     cutoff   50        82.00000   83.64554  2.01%   140 2700s
 2151810 55190     cutoff   54        82.00000   83.62620  1.98%   140 2706s
 2157265 50903     cutoff   47        82.00000   83.60696  1.96%   140 2711s
 2161966 47007     cutoff   56        82.00000   83.59295  1.94%   140 2715s
 2167452 42458     cutoff   60        82.00000   83.56713  1.91%   140 2720s
 2172843 37849 infeasible   52        82.00000   83.54426  1.88%   139 2725s
 2180047 31638     cutoff   53        82.00000   83.51013  1.84%   139 2731s
 2185450 27226     cutoff   67        82.00000   83.48231  1.81%   139 2735s
 2188648 24017     cutoff   50        82.00000   83.46743  1.79%   139 2741s
 2192349 20717     cutoff   51        82.00000   83.44061  1.76%   139 2745s
 2199983 13775     cutoff   46        82.00000   83.38115  1.68%   138 2750s
 2208008  6108   83.07638   61  200   82.00000   83.28157  1.56%   138 2755s

Cutting planes:
  Gomory: 68
  Cover: 390
  Implied bound: 27
  Dual implied bound: 80
  Clique: 1
  MIR: 502
  StrongCG: 241
  Flow cover: 186
  GUB cover: 27
  Inf proof: 2
  Zero half: 66
  Mod-K: 41
  RLT: 248
  Relax-and-lift: 2

Explored 2216435 nodes (305097446 simplex iterations) in 2757.88 seconds (6630.14 work units)
Thread count was 16 (of 16 available processors)

Solution count 2: 82 79 

Optimal solution found (tolerance 1.00e-04)
Best objective 8.200000000000e+01, best bound 8.200000000000e+01, gap 0.0000%
