
Gurobi 13.0.3 (linux64) logging started Sun Sep 13 03:44:35 2026

Set parameter LogFile to value "Logs/Gurobi/dags_m0050_s4.txt"
Gurobi Optimizer version 13.0.3 build v13.0.3rc0 (linux64 - "Ubuntu 24.04.4 LTS")

CPU model: AMD Ryzen 7 7700 8-Core Processor, instruction set [SSE2|AVX|AVX2|AVX512]
Thread count: 8 physical cores, 16 logical processors, using up to 16 threads

Non-default parameters:
TimeLimit  3600
LogToConsole  0

Academic license 2863599 - for non-commercial use only - registered to be___@usm.cl
Optimize a model with 8484 rows, 4903 columns and 18888 nonzeros (Max)
Model fingerprint: 0xbfdb15db
Model has 4207 linear objective coefficients
Variable types: 4207 continuous, 696 integer (696 binary)
Coefficient statistics:
  Matrix range     [1e+00, 5e+01]
  Objective range  [1e+00, 6e+00]
  Bounds range     [1e+00, 1e+00]
  RHS range        [1e+00, 1e+00]

Warning: Completing partial solution with 646 unfixed non-continuous variables out of 696
User MIP start produced solution with objective 96 (0.00s)
Loaded user MIP start with objective 96

Presolve removed 481 rows and 242 columns
Presolve time: 0.03s
Presolved: 8003 rows, 4661 columns, 17879 nonzeros
Variable types: 3968 continuous, 693 integer (693 binary)

Root relaxation: objective 4.202566e+02, 14458 iterations, 0.82 seconds (2.19 work units)

    Nodes    |    Current Node    |     Objective Bounds      |     Work
 Expl Unexpl |  Obj  Depth IntInf | Incumbent    BestBd   Gap | It/Node Time

     0     0  420.25662    0  633   96.00000  420.25662   338%     -    0s
H    0     0                      97.0000000  420.25662   333%     -    1s
H    0     0                      99.0000000  419.98808   324%     -    2s
H    0     0                     100.0000000  197.94973  97.9%     -    6s
H    0     0                     101.0000000  197.94973  96.0%     -    6s
     0     0  197.94973    0  413  101.00000  197.94973  96.0%     -    6s
H    0     0                     102.0000000  184.34237  80.7%     -    7s
     0     0  184.34237    0  458  102.00000  184.34237  80.7%     -    7s
     0     0  184.25194    0  444  102.00000  184.25194  80.6%     -    7s
     0     0  164.74855    0  409  102.00000  164.74855  61.5%     -    8s
     0     0  164.46979    0  394  102.00000  164.46979  61.2%     -    8s
     0     0  164.46590    0  403  102.00000  164.46590  61.2%     -    8s
H    0     0                     104.0000000  163.76550  57.5%     -    9s
H    0     0                     105.0000000  163.76550  56.0%     -    9s
     0     0  163.76550    0  460  105.00000  163.76550  56.0%     -    9s
     0     0  163.76168    0  460  105.00000  163.76168  56.0%     -    9s
     0     2  163.75291    0  460  105.00000  163.75291  56.0%     -   10s
H   27    32                     108.0000000  163.11553  51.0%  1368   12s
H   44    59                     109.0000000  163.11553  49.6%  1177   13s
   101   117  155.97751    9  441  109.00000  163.11553  49.6%   998   15s
   265   281  158.82913   25  430  109.00000  163.11553  49.6%   725   20s
H  285   293                     110.0000000  163.11553  48.3%   747   20s
   567   592  153.49827   51  373  110.00000  163.11553  48.3%   694   25s
  1025  1109  148.81303   88  355  110.00000  163.11553  48.3%   639   30s
  1474  1603  144.36461  112  324  110.00000  163.11553  48.3%   603   35s
  2135  2176  131.32385  151  197  110.00000  163.05700  48.2%   576   40s
H 2258  2197                     111.0000000  163.05700  46.9%   572   43s
  2365  2397  121.22047  174  190  111.00000  161.49084  45.5%   577   45s
  2676  2587  153.86154   17  460  111.00000  161.42192  45.4%   584   58s
  2678  2588  156.45912   16  631  111.00000  160.35713  44.5%   584   85s
  2679  2589  123.52896  159  357  111.00000  159.75195  43.9%   584   93s
  2680  2590  135.86865  118  473  111.00000  159.03377  43.3%   584   95s
  2685  2593  152.13639   26  468  111.00000  158.28764  42.6%   582  105s
  2686  2594  124.65929  169  473  111.00000  158.28764  42.6%   582  113s
  2688  2595  142.59758   91  479  111.00000  157.50089  41.9%   582  118s
  2693  2598  141.07647   77  477  111.00000  157.44142  41.8%   581  120s
H 2700  2472                     112.0000000  157.39133  40.5%   579  128s
  2702  2476  157.39133   10  471  112.00000  157.39133  40.5%   601  130s
H 2711  2361                     113.0000000  157.39133  39.3%   605  133s
  2716  2376  157.39133   13  498  113.00000  157.39133  39.3%   609  137s
H 2717  2257                     116.0000000  157.39133  35.7%   609  137s
  2798  2325  156.70591   16  392  116.00000  157.39133  35.7%   621  140s
  2907  2389  157.39133   19  480  116.00000  157.39133  35.7%   652  145s
  3010  2467  155.79642   22  407  116.00000  157.39133  35.7%   681  150s
  3179  2587  155.83539   26  417  116.00000  157.39133  35.7%   695  155s
  3375  2736  154.32989   31  401  116.00000  157.39133  35.7%   715  160s
  3590  2848  153.30749   35  381  116.00000  157.39133  35.7%   727  165s
  3662  2888  152.99715   37  379  116.00000  157.39133  35.7%   731  172s
  3710  2920  150.14831   38  338  116.00000  157.39133  35.7%   735  175s
  3777  2981  150.10073   40  318  116.00000  157.39133  35.7%   740  181s
  3976  3192  152.14756   45  365  116.00000  157.39133  35.7%   749  185s
  4384  3540  150.26996   53  341  116.00000  157.39133  35.7%   753  190s
  5001  3981  146.58725   63  309  116.00000  157.39133  35.7%   753  195s
  5765  4426  142.80209   74  262  116.00000  157.39133  35.7%   728  200s
  6236  4658  141.65202   84  281  116.00000  157.39133  35.7%   722  206s
  6664  4881  138.85150   92  265  116.00000  157.39133  35.7%   719  210s
  7435  5408  133.98355  109  245  116.00000  157.39133  35.7%   714  216s
  8144  5730  131.24827  126  206  116.00000  157.39133  35.7%   701  221s
  8749  6217  124.48713  151  179  116.00000  157.39133  35.7%   692  226s
  9541  6653  154.22989   35  358  116.00000  157.39133  35.7%   676  231s
 10366  7466  139.78880   68  229  116.00000  157.39133  35.7%   668  236s
 10797  7795  123.21499   95  137  116.00000  157.39133  35.7%   657  242s
 11549  8314  133.85341   59  205  116.00000  157.39133  35.7%   657  248s
 11794  8742  154.53966   18  383  116.00000  157.39133  35.7%   656  251s
 12742  9790  143.60246   64  291  116.00000  157.39133  35.7%   652  258s
 13405 10472  133.41997  100  229  116.00000  157.39133  35.7%   645  262s
 14151 11105  155.12458   29  431  116.00000  157.39133  35.7%   637  265s
 15581 12033  122.37276  120  101  116.00000  157.39133  35.7%   624  275s
 16008 12381  146.43243   35  308  116.00000  157.39133  35.7%   629  280s
 16439 12635  150.02690   27  382  116.00000  157.39133  35.7%   635  288s
 16674 13133  144.02175   54  325  116.00000  157.39133  35.7%   640  292s
 17182 13825  133.74657   99  254  116.00000  157.39133  35.7%   644  297s
 17953 14363  154.53934   19  365  116.00000  157.39133  35.7%   643  302s
 18570 14992  151.90900   27  380  116.00000  157.39133  35.7%   645  309s
 19300 15580  148.76145   36  362  116.00000  157.39133  35.7%   644  314s
 19922 16174  146.87143   46  354  116.00000  157.39133  35.7%   648  319s
 20665 16877  142.56757   55  297  116.00000  157.39133  35.7%   646  325s
 21382 18018  141.14960   71  262  116.00000  157.39133  35.7%   650  332s
 22597 18983  133.76368  101  215  116.00000  157.39133  35.7%   646  338s
 23716 19699  148.00497   27  373  116.00000  157.39133  35.7%   640  345s
 24606 20557  118.62749   85  123  116.00000  157.39133  35.7%   637  351s
 25571 21202  141.01809   43  226  116.00000  157.39133  35.7%   633  356s
 26417 22072  150.77987   32  328  116.00000  155.08541  33.7%   630  362s
 27310 23161  136.21757   90  226  116.00000  155.08541  33.7%   628  368s
 28548 23872  148.12217   30  337  116.00000  155.08541  33.7%   621  374s
 29321 24935  137.32370   71  253  116.00000  155.08541  33.7%   622  382s
 30398 26391  131.04559  110  226  116.00000  155.08541  33.7%   622  389s
 32087 27357  149.53274   34  321  116.00000  154.62252  33.3%   613  396s
 33274 28335  148.78749   28  320  116.00000  154.62252  33.3%   611  403s
 34415 29233  120.85974   50  129  116.00000  154.62252  33.3%   611  413s
 35514 30492  146.07007   40  331  116.00000  154.62252  33.3%   611  421s
 36887 31903  134.01819   95  231  116.00000  154.62252  33.3%   609  429s
 38458 33459  145.73379   26  335  116.00000  154.62252  33.3%   603  437s
 40254 34640  144.95670   27  336  116.00000  154.62252  33.3%   596  447s
 41623 34641  135.79875   96  460  116.00000  154.37681  33.1%   594  525s
 41625 34642  122.70403  138  631  116.00000  154.37681  33.1%   594  563s
 41626 34643  133.56695   62  404  116.00000  154.37681  33.1%   594  572s
 41631 34646  131.01988   86  492  116.00000  154.37681  33.1%   594  575s
 41632 34647  138.14719   90  490  116.00000  154.37681  33.1%   594  586s
 41633 34648  130.34372   69  481  116.00000  154.37681  33.1%   594  594s
 41634 34648  121.32486  121  471  116.00000  154.37681  33.1%   594  596s
 41636 34650  133.70621   92  472  116.00000  154.37681  33.1%   594  603s
 41637 34650  121.83019  153  485  116.00000  154.37681  33.1%   594  611s
 41640 34652  137.86685   58  483  116.00000  154.37681  33.1%   594  622s
 41641 34653  142.32662   75  497  116.00000  154.37681  33.1%   594  629s
 41642 34654  145.93720   48  483  116.00000  154.37681  33.1%   594  631s
 41643 34654  126.17926  131  486  116.00000  154.37681  33.1%   594  640s
 41644 34655  146.58353   48  484  116.00000  154.37681  33.1%   594  647s
 41645 34656  127.21341  126  488  116.00000  154.37681  33.1%   594  659s
 41646 34656  147.01679   27  485  116.00000  154.37681  33.1%   594  666s
 41647 34657  148.46456   35  484  116.00000  154.37681  33.1%   594  676s
 41648 34658  135.35887  102  490  116.00000  154.37681  33.1%   594  683s
 41649 34658  136.26241   51  486  116.00000  154.37681  33.1%   594  695s
 41650 34659  142.14232   90  486  116.00000  154.37681  33.1%   594  711s
 41651 34660  120.88710  149  486  116.00000  154.37681  33.1%   594  718s
 41652 34660  129.93860   83  486  116.00000  154.37681  33.1%   594  727s
 41653 34664  154.37681   19  494  116.00000  154.37681  33.1%   595  731s
 41667 34687  154.37681   22  500  116.00000  154.37681  33.1%   596  735s
 41753 34745  154.37681   25  464  116.00000  154.37681  33.1%   597  740s
 41817 34787  154.37681   27  479  116.00000  154.37681  33.1%   599  745s
 41881 34830  154.37681   29  466  116.00000  154.37681  33.1%   601  750s
 41945 34873  154.37681   31  445  116.00000  154.37681  33.1%   602  757s
 41993 34905  154.32837   32  398  116.00000  154.37681  33.1%   603  761s
 42069 34974  154.37681   34  442  116.00000  154.37681  33.1%   603  765s
 42243 35116  153.87585   36  423  116.00000  154.37681  33.1%   605  770s
 42434 35260  150.74465   37  395  116.00000  154.37681  33.1%   606  775s
 42671 35429  150.61942   39  429  116.00000  154.37681  33.1%   608  780s
 42961 35650  152.54895   43  488  116.00000  154.37681  33.1%   610  785s
 43199 35720  147.76487   45  402  116.00000  154.37681  33.1%   611  791s
 43340 35912  148.96257   47  418  116.00000  154.37681  33.1%   611  795s
 43918 36347  151.53749   52  431  116.00000  154.37681  33.1%   612  800s
 44414 36621  151.29788   56  423  116.00000  154.37681  33.1%   612  805s
 45110 37059  150.34857   62  413  116.00000  154.37681  33.1%   612  811s
 45708 37363  144.94532   68  340  116.00000  154.37681  33.1%   612  816s
 46336 37666  148.32769   74  370  116.00000  154.37681  33.1%   611  820s
 46941 38018  147.18354   81  343  116.00000  154.37681  33.1%   611  828s
 47254 38244  146.61635   86  342  116.00000  154.37681  33.1%   611  830s
 47947 38593  144.13850   95  320  116.00000  154.37681  33.1%   611  835s
 48701 39090  138.03475  107  257  116.00000  154.37681  33.1%   611  841s
 49490 39581  133.85760  122  220  116.00000  154.37681  33.1%   610  847s
 49921 39872  128.46112  136  155  116.00000  154.37681  33.1%   610  850s
 50884 40442  150.86521   53  409  116.00000  154.37681  33.1%   609  856s
 51345 40771  147.42294   71  362  116.00000  154.37681  33.1%   609  862s
 51940 41161  142.74019   94  324  116.00000  154.37681  33.1%   608  866s
 52638 41307  136.48723  126  262  116.00000  154.37681  33.1%   606  870s
 53428 41773  149.34632   36  367  116.00000  154.37681  33.1%   609  877s
 53910 42044  134.29902   61  244  116.00000  154.37681  33.1%   610  881s
 54395 42232  154.31348   31  422  116.00000  154.37681  33.1%   611  886s
 54756 42616  153.26383   36  401  116.00000  154.37681  33.1%   614  890s
 55302 42988  151.64131   42  392  116.00000  154.37681  33.1%   615  898s
 55960 43310  145.69143   49  379  116.00000  154.37681  33.1%   616  902s
 56535 43740  148.54756   58  385  116.00000  154.37681  33.1%   617  908s
 57298 44054  146.55590   68  344  116.00000  154.37681  33.1%   616  913s
 57916 44493  143.89443   81  315  116.00000  154.37681  33.1%   618  918s
 58585 45244  139.12319   96  290  116.00000  154.37681  33.1%   619  923s
 59664 45071  134.85173  115  264  116.00000  154.37681  33.1%   617  931s
 59851 45679  128.75361  132  203  116.00000  154.37681  33.1%   618  937s
 60657 46479  137.20710   58  240  116.00000  154.37681  33.1%   617  944s
 61864 47017  145.21965   51  345  116.00000  154.37681  33.1%   616  950s
 62975 47749  153.13735   26  368  116.00000  154.37681  33.1%   613  957s
 64168 48173  142.93856   75  312  116.00000  154.37681  33.1%   612  964s
 65186 48557  118.35484  149  175  116.00000  154.37681  33.1%   611  970s
 66044 49118  131.33675   77  191  116.00000  154.37681  33.1%   610  976s
 67022 49733  146.08846   49  346  116.00000  154.37681  33.1%   609  982s
 68173 50199  118.54359  116  104  116.00000  153.67400  32.5%   608  989s
 69105 50894  138.13885   62  232  116.00000  153.67400  32.5%   607  996s
 70262 51324  147.28147   55  297  116.00000  153.67400  32.5%   606 1005s
 71266 51933  145.01283   43  286  116.00000  153.67400  32.5%   606 1012s
 72415 52561  141.89602   48  233  116.00000  153.67400  32.5%   606 1020s
 73614 53407  144.81910   70  356  116.00000  153.07815  32.0%   605 1027s
 74920 54117  128.88535  137  254  116.00000  153.07815  32.0%   604 1038s
 76292 54945  147.10209   68  287  116.00000  153.07815  32.0%   604 1047s
 77704 55695  148.82911   50  406  116.00000  153.07815  32.0%   603 1056s
 79019 56557  139.04522  102  246  116.00000  153.07815  32.0%   603 1068s
 80456 56653  150.16728   40  419  116.00000  153.07815  32.0%   604 1078s
 81063 57558  149.29946   53  403  116.00000  153.07815  32.0%   606 1088s
 82295 58529  146.79396   71  370  116.00000  152.87704  31.8%   608 1099s
 83861 59709  141.48399   91  298  116.00000  152.81299  31.7%   609 1114s
 85826 60388  123.58235  138  135  116.00000  152.72193  31.7%   609 1124s
 87438 61098  148.16306   30  346  116.00000  152.72193  31.7%   609 1134s
 88841 62250  141.42720   62  278  116.00000  152.72193  31.7%   610 1146s
 90699 62873  136.74143   72  261  116.00000  152.56357  31.5%   608 1156s
 92111 63821  129.94567   89  165  116.00000  152.56357  31.5%   608 1167s
 93757 64763  135.18138   49  247  116.00000  152.49396  31.5%   607 1179s
 95511 65598  138.54842   92  243  116.00000  152.37618  31.4%   606 1189s
 97097 65933  148.57897   49  374  116.00000  152.37196  31.4%   606 1199s
 97999 66980  144.31139   72  299  116.00000  152.37196  31.4%   610 1213s
 99551 67853  134.79483  104  224  116.00000  152.32799  31.3%   611 1223s
 101115 69039  140.36495   80  242  116.00000  152.32799  31.3%   612 1234s
 103051 69933  143.69302   49  326  116.00000  152.32799  31.3%   611 1247s
 104725 71244  127.01209   95  141  116.00000  152.32799  31.3%   611 1259s
 106979 71550  122.37907  105  132  116.00000  152.10217  31.1%   609 1268s
 108298 72395  143.86585   32  320  116.00000  152.04993  31.1%   609 1279s
 109830 71929  144.39180   48  378  116.00000  151.99152  31.0%   608 1291s
 109889 72078  144.07049   49  369  116.00000  151.99152  31.0%   608 1300s
 110093 72386  143.87287   50  363  116.00000  151.99126  31.0%   608 1312s
 110545 73114  143.74100   51  366  116.00000  151.98983  31.0%   608 1324s
 111612 74050  143.65104   52  367  116.00000  151.97785  31.0%   607 1336s
 113266 75320  128.24373  110  234  116.00000  151.96150  31.0%   607 1351s
 115483 76279  127.89193  133  189  116.00000  151.87241  30.9%   606 1362s
 117428 77288  145.42384   68  376  116.00000  151.86635  30.9%   605 1373s
 119345 78234  147.06881   43  422  116.00000  151.85501  30.9%   604 1387s
 121146 78980  132.85752  113  304  116.00000  151.85501  30.9%   603 1397s
 122921 79937  148.19086   37  366  116.00000  151.76576  30.8%   602 1408s
 124784 80831  141.24165   44  307  116.00000  151.71859  30.8%   601 1421s
 126428 82176  144.15111   50  390  116.00000  151.71859  30.8%   601 1433s
 128550 82639  127.98599   98  167  116.00000  151.71859  30.8%   601 1442s
 129899 83748  128.55328   73  185  116.00000  151.71859  30.8%   600 1455s
 131767 84515  145.59984   40  347  116.00000  151.71859  30.8%   599 1464s
 133459 85342  148.41250   44  408  116.00000  151.71859  30.8%   598 1473s
 135044 86328  133.86032  107  224  116.00000  151.71859  30.8%   597 1484s
 136755 87190  140.85159   78  332  116.00000  151.71859  30.8%   596 1493s
 138342 87965  149.50735   34  414  116.00000  151.71859  30.8%   595 1501s
 139840 88398  137.42663   99  270  116.00000  151.71859  30.8%   595 1511s
 140871 89090  145.32458   45  328  116.00000  151.71859  30.8%   597 1523s
 142039 90169  146.21865   58  350  116.00000  151.47451  30.6%   598 1533s
 143674 91302  124.11544  107   90  116.00000  151.47383  30.6%   598 1543s
 145577 92142  120.19806  138  171  116.00000  151.47383  30.6%   597 1555s
 147328 93979  143.69904   64  281  116.00000  151.45384  30.6%   596 1567s
 149496 95118     cutoff  125       116.00000  151.39264  30.5%   595 1575s
 150803 96423  146.73069   33  379  116.00000  151.39224  30.5%   595 1587s
 152349 97934  140.88289   83  295  116.00000  151.34126  30.5%   594 1596s
 154123 99017  135.39474   70  210  116.00000  151.32381  30.5%   593 1605s
 155698 100590  144.18759   61  245  116.00000  151.27968  30.4%   593 1614s
 157418 101965  134.79128   78  204  116.00000  151.26863  30.4%   592 1626s
 158944 103322  136.84806   54  262  116.00000  151.26863  30.4%   592 1635s
 160521 104384  134.96448   85  233  116.00000  151.26863  30.4%   591 1644s
 161773 105109  146.06477   48  375  116.00000  151.26863  30.4%   592 1656s
 162526 106436  140.60115   67  287  116.00000  151.26863  30.4%   594 1666s
 164034 107883  123.33677  103  157  116.00000  151.21927  30.4%   595 1677s
 165723 107899  137.84256   75  299  116.00000  151.18960  30.3%   595 1687s
 165739 108530  137.75585   76  315  116.00000  151.18960  30.3%   595 1698s
 166421 110021  122.24901  124  214  116.00000  151.18960  30.3%   595 1709s
 168092 111703  127.57306  117  209  116.00000  151.18960  30.3%   594 1720s
 169968 113421  129.76633  100  148  116.00000  151.16817  30.3%   594 1732s
 171829 114955  145.15256   61  338  116.00000  151.16817  30.3%   593 1742s
 173666 116304  137.52443   62  211  116.00000  151.14465  30.3%   592 1751s
 175279 117423  146.85468   41  380  116.00000  151.13033  30.3%   592 1762s
 176567 118945  129.10374  108  253  116.00000  151.13033  30.3%   592 1771s
 178196 120659  140.37445   78  226  116.00000  151.09525  30.3%   591 1780s
 180097 121993  145.84903   53  341  116.00000  151.07383  30.2%   590 1789s
 181667 123299  149.48011   33  364  116.00000  151.07375  30.2%   590 1800s
 183171 124609  144.49445   39  353  116.00000  151.02492  30.2%   590 1809s
 184664 125373  147.86095   40  305  116.00000  151.02492  30.2%   590 1818s
 185438 126363  145.42372   59  284  116.00000  151.02492  30.2%   592 1830s
 186536 128031  140.56743   78  246  116.00000  151.00398  30.2%   593 1840s
 188494 129685  144.22275   33  291  116.00000  151.00398  30.2%   592 1851s
 190339 131226  136.97318   87  219  116.00000  150.98110  30.2%   592 1863s
 192119 132894  147.51867   28  377  116.00000  150.97752  30.2%   591 1873s
 194151 134191  140.12400   66  312  116.00000  150.97752  30.2%   590 1882s
 195694 135466  142.71544   65  370  116.00000  150.97752  30.2%   589 1891s
 197146 136884  145.68117   41  318  116.00000  150.94702  30.1%   589 1903s
 198676 138442  128.19719   91  147  116.00000  150.94702  30.1%   589 1912s
 200438 139965  137.14743   77  260  116.00000  150.89941  30.1%   588 1921s
 202099 141390  146.74227   42  371  116.00000  150.89941  30.1%   588 1932s
 203695 142476  121.35865  132  179  116.00000  150.89941  30.1%   588 1941s
 204849 144249  137.92782   73  275  116.00000  150.89941  30.1%   589 1950s
 206728 144881  140.65816   68  274  116.00000  150.87858  30.1%   588 1959s
 207390 146617  129.74373  116  211  116.00000  150.87858  30.1%   588 1971s
 209451 148333  132.95458   85  214  116.00000  150.87858  30.1%   587 1982s
 211463 149713  129.91553   78  272  116.00000  150.87618  30.1%   586 1991s
 213059 151126  135.23405  101  237  116.00000  150.87618  30.1%   586 2002s
 214674 152497  142.68481   61  294  116.00000  150.84154  30.0%   586 2011s
 216243 153765  142.05598   50  285  116.00000  150.84154  30.0%   585 2020s
 217701 155029  146.08345   55  357  116.00000  150.81344  30.0%   585 2029s
 219143 156113  122.67502  142  229  116.00000  150.81344  30.0%   585 2041s
 220507 157350  145.63785   44  343  116.00000  150.77599  30.0%   586 2051s
 222149 158596  121.12598  101   88  116.00000  150.77461  30.0%   586 2060s
 223729 160068  148.30143   49  403  116.00000  150.74572  30.0%   585 2072s
 225499 161407  131.67760  118  261  116.00000  150.74456  30.0%   585 2082s
 227193 162725  122.17778   69  100  116.00000  150.70598  29.9%   585 2091s
 228735 164356  136.01820   72  251  116.00000  150.70598  29.9%   585 2103s
 230542 166093  141.01295   76  303  116.00000  150.70598  29.9%   584 2114s
 232517 167434  144.71422   58  316  116.00000  150.70598  29.9%   584 2122s
 234018 168930  146.44927   32  336  116.00000  150.70598  29.9%   583 2131s
 235701 170005  147.34097   32  335  116.00000  150.65736  29.9%   583 2142s
 236964 171484  143.91085   55  284  116.00000  150.64562  29.9%   583 2152s
 238597 172977  130.93202   94  219  116.00000  150.64562  29.9%   583 2161s
 240388 174247  138.86986   84  221  116.00000  150.61824  29.8%   583 2173s
 241865 175681  143.97005   57  351  116.00000  150.61748  29.8%   582 2182s
 243482 176819  149.69281   41  431  116.00000  150.60410  29.8%   582 2192s
 244746 178258  145.70391   67  413  116.00000  150.60410  29.8%   582 2202s
 246483 179203  122.60846  147  219  116.00000  150.58701  29.8%   581 2214s
 247799 180705  131.27703   53  244  116.00000  150.57718  29.8%   582 2224s
 249535 182276  125.98501  125  218  116.00000  150.57718  29.8%   581 2233s
 251364 183971  146.81765   45  380  116.00000  150.54169  29.8%   581 2247s
 253271 185299  147.07658   44  318  116.00000  150.54037  29.8%   580 2256s
 254821 186805  140.07698   67  269  116.00000  150.51427  29.8%   580 2265s
 256585 188124  132.58619   92  176  116.00000  150.51252  29.8%   579 2275s
 258116 189396  138.43011   79  290  116.00000  150.51252  29.8%   579 2285s
 259576 190330  145.28200   42  292  116.00000  150.49598  29.7%   579 2294s
 260628 191734  129.03496   85  133  116.00000  150.49598  29.7%   580 2304s
 262194 193020  122.84693  137  193  116.00000  150.49598  29.7%   581 2317s
 263671 194616  147.55811   56  341  116.00000  150.49598  29.7%   581 2326s
 265459 195909  122.11264  142  183  116.00000  150.49598  29.7%   580 2335s
 266934 197417  131.47352  101  231  116.00000  150.44921  29.7%   580 2348s
 268612 198988  130.57890   95  224  116.00000  150.44921  29.7%   580 2357s
 270394 200604  133.02096  100  221  116.00000  150.44655  29.7%   579 2366s
 272223 202190  135.25183   80  273  116.00000  150.44655  29.7%   579 2377s
 274069 203541  125.10065   87  216  116.00000  150.41396  29.7%   578 2389s
 275629 204885  127.38439  109  243  116.00000  150.39701  29.7%   578 2398s
 277227 206142  132.03525   61  191  116.00000  150.39535  29.7%   578 2408s
 278931 207691  137.54981   76  269  116.00000  150.38472  29.6%   578 2420s
 280994 209227  136.94076   68  240  116.00000  150.38442  29.6%   577 2428s
 282679 210558  134.42778   97  214  116.00000  150.38442  29.6%   577 2437s
 284261 211917  146.98839   41  377  116.00000  150.37015  29.6%   577 2449s
 285874 213392  133.27739  102  233  116.00000  150.37015  29.6%   576 2458s
 287592 214716  134.64279   78  281  116.00000  150.36784  29.6%   576 2467s
 289138 216049  118.76465  105  134  116.00000  150.34419  29.6%   576 2476s
 290807 217446  145.06659   58  307  116.00000  150.32542  29.6%   575 2486s
 292419 218815  146.48721   31  406  116.00000  150.32542  29.6%   575 2495s
 294003 220266  132.87728   93  206  116.00000  150.32542  29.6%   575 2505s
 295692 221786  139.20418   73  279  116.00000  150.29008  29.6%   575 2517s
 297398 223257  142.58394   51  384  116.00000  150.28816  29.6%   575 2528s
 299072 224529  117.70897  144  219  116.00000  150.28816  29.6%   574 2537s
 300584 225942  146.44190   51  280  116.00000  150.28816  29.6%   574 2547s
 302265 227452  143.56037   42  310  116.00000  150.28816  29.6%   574 2559s
 303985 228847  144.09258   56  332  116.00000  150.26735  29.5%   573 2568s
 305568 230328  146.21819   36  312  116.00000  150.24423  29.5%   573 2578s
 307275 232140  145.35967   60  313  116.00000  150.24093  29.5%   573 2590s
 309240 233581  119.59192  120  113  116.00000  150.24093  29.5%   573 2599s
 310919 235039  131.95763  101  263  116.00000  150.23188  29.5%   572 2608s
 312613 236193  145.78508   53  343  116.00000  150.23188  29.5%   572 2618s
 313950 237659  121.05659  135  166  116.00000  150.21995  29.5%   572 2630s
 315621 239016  130.39449  119  264  116.00000  150.21492  29.5%   572 2640s
 317135 240856  138.11394   65  240  116.00000  150.19470  29.5%   572 2651s
 319181 242259  126.41928   71  169  116.00000  150.19470  29.5%   572 2663s
 321024 243478  146.81865   51  351  116.00000  150.17335  29.5%   571 2673s
 322381 244998  136.12798   81  278  116.00000  150.17327  29.5%   571 2682s
 324145 246347  140.24216   75  296  116.00000  150.15643  29.4%   571 2694s
 325752 248210  144.49649   43  331  116.00000  150.14840  29.4%   571 2703s
 327810 249618  128.14898   86  180  116.00000  150.14840  29.4%   570 2713s
 329465 250883  123.54659   51  174  116.00000  150.14840  29.4%   570 2724s
 330992 252242  133.12151   95  237  116.00000  150.12775  29.4%   570 2734s
 332438 253886  144.37541   54  335  116.00000  150.12775  29.4%   570 2743s
 334373 255381  118.80665  152  161  116.00000  150.12714  29.4%   570 2752s
 336180 256910  126.84189   84  189  116.00000  150.12714  29.4%   569 2765s
 337881 258393  121.83481  142  160  116.00000  150.12714  29.4%   569 2775s
 339600 259624  145.78287   47  366  116.00000  150.11039  29.4%   569 2784s
 341026 261171  118.29453  143  176  116.00000  150.11039  29.4%   569 2796s
 342750 262687  130.00840  108  263  116.00000  150.09104  29.4%   569 2806s
 344567 264079  138.23624   38  254  116.00000  150.07429  29.4%   568 2816s
 346366 265589  121.21679  128  152  116.00000  150.06335  29.4%   568 2825s
 348093 267119  145.45356   47  339  116.00000  150.05717  29.4%   568 2837s
 349910 268241  146.38577   42  351  116.00000  150.05717  29.4%   567 2846s
 351159 269660  118.43010   95  189  116.00000  150.05328  29.4%   567 2855s
 352783 271203  149.60698   35  367  116.00000  150.05271  29.4%   567 2867s
 354596 272579  138.59899   54  245  116.00000  150.05271  29.4%   567 2876s
 356160 273867  144.00723   52  312  116.00000  150.05271  29.4%   567 2886s
 357769 275442  122.04111   96  164  116.00000  150.02105  29.3%   567 2898s
 359659 276660  142.35329   59  262  116.00000  150.02105  29.3%   567 2907s
 360974 278341  145.67088   43  309  116.00000  150.01238  29.3%   567 2917s
 362868 279582  144.44818   51  311  116.00000  150.01238  29.3%   567 2926s
 364227 280613     cutoff  146       116.00000  150.01016  29.3%   567 2938s
 365712 281837  124.61045   93  112  116.00000  149.99095  29.3%   567 2948s
 367261 283305  136.76523   76  307  116.00000  149.99095  29.3%   567 2958s
 369008 284621  129.53409   68  195  116.00000  149.97527  29.3%   566 2970s
 370550 285845  137.29455   59  242  116.00000  149.96810  29.3%   567 2980s
 372122 286930  146.47659   57  309  116.00000  149.95178  29.3%   567 2989s
 373350 288627  138.29605   79  229  116.00000  149.95178  29.3%   567 3002s
 375293 290017  129.78360   97  173  116.00000  149.95171  29.3%   567 3012s
 376968 291455  143.51421   47  313  116.00000  149.95171  29.3%   567 3021s
 378662 292772  145.79199   37  317  116.00000  149.92865  29.2%   567 3031s
 380227 294413  131.74910   87  235  116.00000  149.92155  29.2%   567 3044s
 382086 295869  124.31291  134  184  116.00000  149.91921  29.2%   567 3053s
 383760 296962  145.34327   43  337  116.00000  149.91427  29.2%   567 3062s
 385017 298595  126.85118  115  173  116.00000  149.91427  29.2%   567 3075s
 386931 299941  144.32459   45  272  116.00000  149.91427  29.2%   566 3085s
 388537 301440  132.39823   70  162  116.00000  149.89641  29.2%   566 3094s
 390238 302869  124.62868  121  181  116.00000  149.89373  29.2%   566 3106s
 391911 304281  129.91420   86  244  116.00000  149.88612  29.2%   566 3116s
 393574 305636  146.14274   47  356  116.00000  149.88612  29.2%   566 3125s
 395157 307335     cutoff  156       116.00000  149.86284  29.2%   566 3135s
 397064 308444  130.92664   92  123  116.00000  149.86284  29.2%   566 3147s
 398349 309699  125.98704   99  185  116.00000  149.86284  29.2%   566 3157s
 399832 310986  141.47977   51  299  116.00000  149.85576  29.2%   567 3167s
 401369 312143  143.79031   50  294  116.00000  149.85212  29.2%   567 3181s
 402612 313832  125.88120   93   98  116.00000  149.85212  29.2%   568 3193s
 404681 315391  140.02994   75  314  116.00000  149.84307  29.2%   568 3204s
 406507 316988  140.88118   71  306  116.00000  149.83065  29.2%   568 3217s
 408333 317031  140.61062   59  306  116.00000  149.82611  29.2%   568 3228s
 408414 317666  140.06799   60  302  116.00000  149.82611  29.2%   568 3238s
 409185 318952  139.91193   61  312  116.00000  149.82611  29.2%   568 3250s
 410629 320492  138.99550   62  305  116.00000  149.82453  29.2%   568 3261s
 412350 322138  120.87108  135  199  116.00000  149.82453  29.2%   567 3276s
 414424 323777  133.12247   73  244  116.00000  149.80048  29.1%   567 3286s
 416406 325401  147.08481   31  325  116.00000  149.79242  29.1%   567 3297s
 418236 327041  118.12043   96   59  116.00000  149.79242  29.1%   567 3308s
 420120 328516  144.97355   40  365  116.00000  149.77908  29.1%   567 3320s
 421834 330231  146.63422   46  329  116.00000  149.77588  29.1%   566 3331s
 423911 331520  128.97286   88  155  116.00000  149.77588  29.1%   566 3339s
 425532 332961  132.84608   95  157  116.00000  149.77588  29.1%   566 3350s
 427127 334128  137.72855   60  343  116.00000  149.77588  29.1%   566 3358s
 428505 335721  140.94885   73  323  116.00000  149.77588  29.1%   566 3366s
 430278 337110  131.19459  113  191  116.00000  149.77588  29.1%   566 3375s
 431972 338293  136.28528   73  254  116.00000  149.74602  29.1%   565 3385s
 433314 339897  137.16987   71  186  116.00000  149.74602  29.1%   565 3394s
 435176 341114  132.73231   63  190  116.00000  149.74602  29.1%   565 3402s
 436647 342082  148.37979   42  400  116.00000  149.74602  29.1%   565 3410s
 437747 343394  139.98460   82  289  116.00000  149.73812  29.1%   565 3421s
 439246 344666  141.43219   30  306  116.00000  149.73812  29.1%   565 3430s
 440772 345916  143.44910   54  273  116.00000  149.71646  29.1%   565 3438s
 442226 347597  142.15789   56  292  116.00000  149.71385  29.1%   565 3450s
 444105 347696  128.16730  109  195  116.00000  149.71385  29.1%   564 3459s
 444218 361342  127.33461  108  167  116.00000  149.71385  29.1%   564 3561s
 460218 362147     cutoff  113       116.00000  149.66945  29.0%   563 3571s
 461231 363752  137.97246   82  246  116.00000  149.66208  29.0%   563 3582s
 463082 365110  125.10168   67  141  116.00000  149.66130  29.0%   563 3595s
 464863 365853  129.83015   80  178  116.00000  149.65362  29.0%   563 3600s

Cutting planes:
  Gomory: 31
  Lift-and-project: 302
  Cover: 88
  Implied bound: 22
  MIR: 777
  Knapsack: 1
  StrongCG: 140
  Flow cover: 618
  RLT: 679
  Relax-and-lift: 6
  BQP: 102

Explored 465755 nodes (262295125 simplex iterations) in 3600.01 seconds (9086.19 work units)
Thread count was 16 (of 16 available processors)

Solution count 10: 116 113 112 ... 102

Time limit reached
Best objective 1.160000000000e+02, best bound 1.490000000000e+02, gap 28.4483%
