
Gurobi 13.0.3 (linux64) logging started Sun Sep 13 00:44:33 2026

Set parameter LogFile to value "Logs/Gurobi/dags_m0050_s3.txt"
Gurobi Optimizer version 13.0.3 build v13.0.3rc0 (linux64 - "Ubuntu 24.04.4 LTS")

CPU model: AMD Ryzen 7 7700 8-Core Processor, instruction set [SSE2|AVX|AVX2|AVX512]
Thread count: 8 physical cores, 16 logical processors, using up to 16 threads

Non-default parameters:
TimeLimit  3600
LogToConsole  0

Academic license 2863599 - for non-commercial use only - registered to be___@usm.cl
Optimize a model with 7036 rows, 4173 columns and 15980 nonzeros (Max)
Model fingerprint: 0x817c71e4
Model has 3477 linear objective coefficients
Variable types: 3477 continuous, 696 integer (696 binary)
Coefficient statistics:
  Matrix range     [1e+00, 5e+01]
  Objective range  [1e+00, 5e+00]
  Bounds range     [1e+00, 1e+00]
  RHS range        [1e+00, 1e+00]

Warning: Completing partial solution with 646 unfixed non-continuous variables out of 696
User MIP start produced solution with objective 121 (0.00s)
Loaded user MIP start with objective 121

Presolve removed 221 rows and 112 columns
Presolve time: 0.09s
Presolved: 6815 rows, 4061 columns, 15488 nonzeros
Variable types: 0 continuous, 4061 integer (4061 binary)

Root relaxation: objective 3.506443e+02, 9996 iterations, 0.43 seconds (1.10 work units)

    Nodes    |    Current Node    |     Objective Bounds      |     Work
 Expl Unexpl |  Obj  Depth IntInf | Incumbent    BestBd   Gap | It/Node Time

     0     0  350.64434    0 3632  121.00000  350.64434   190%     -    0s
     0     0  173.35368    0 1326  121.00000  173.35368  43.3%     -    3s
     0     0  149.66284    0 1116  121.00000  149.66284  23.7%     -    4s
     0     0  149.20165    0 1207  121.00000  149.20165  23.3%     -    4s
     0     0  149.15463    0 1225  121.00000  149.15463  23.3%     -    4s
     0     0  144.53788    0 1154  121.00000  144.53788  19.5%     -    6s
     0     0  144.02481    0 1157  121.00000  144.02481  19.0%     -    6s
     0     0  143.87779    0 1061  121.00000  143.87779  18.9%     -    6s
     0     0  142.81152    0 1030  121.00000  142.81152  18.0%     -    7s
     0     0  142.65795    0 1109  121.00000  142.65795  17.9%     -    7s
     0     0  142.50549    0 1079  121.00000  142.50549  17.8%     -    7s
     0     0  142.50549    0 1079  121.00000  142.50549  17.8%     -    7s
     0     0  142.50549    0 1079  121.00000  142.50549  17.8%     -    7s
     0     2  142.50430    0 1079  121.00000  142.50430  17.8%     -    8s
    15    24  141.14009    4 1222  121.00000  141.88290  17.3%  1342   10s
   173   187  138.22935   16  995  121.00000  141.88121  17.3%   689   16s
   426   390  133.54492   27  719  121.00000  141.32384  16.8%   577   20s
   912   749  140.62150   11  963  121.00000  140.70962  16.3%   508   25s
  1466  1193  136.69917   13  932  121.00000  140.65530  16.2%   481   30s
  1729  1343  126.13205   48 1079  121.00000  140.65530  16.2%   480   42s
  1732  1345  125.51641   66 1085  121.00000  140.65530  16.2%   479   47s
  1739  1350  124.19869   44 1028  121.00000  140.65530  16.2%   477   50s
  1752  1358  132.01211   26 1057  121.00000  140.65530  16.2%   474   55s
  1763  1369  140.65530   15 1109  121.00000  140.65530  16.2%   500   60s
  1920  1501  139.08376   23 1176  121.00000  140.57513  16.2%   543   65s
  2116  1635  137.33640   28 1114  121.00000  140.57513  16.2%   575   70s
  2535  1892  134.91078   37  866  121.00000  140.57513  16.2%   589   75s
  3091  2190  133.94856   44  830  121.00000  139.97940  15.7%   567   80s
  3429  2370  133.20876   49  839  121.00000  139.66711  15.4%   556   85s
  4064  2724  131.81148   61  613  121.00000  139.40781  15.2%   537   90s
  4848  3090  130.43645   76  593  121.00000  139.40781  15.2%   519   95s
  5308  3259  126.15907   91  514  121.00000  139.40781  15.2%   526  100s
  5575  3555  123.65871  105  420  121.00000  139.40781  15.2%   525  106s
  6033  3767  133.03418   40  757  121.00000  139.40781  15.2%   522  110s
  6707  4549     cutoff   72       121.00000  138.36147  14.3%   520  116s
  7015  4776  135.90533   30  847  121.00000  138.36147  14.3%   516  120s
  7926  5533  129.37032   64  752  121.00000  138.25025  14.3%   510  125s
  8611  6056     cutoff  116       121.00000  138.25025  14.3%   506  130s
  9776  7121  135.99644   26  628  121.00000  137.79789  13.9%   490  136s
 10573  7846  125.71543   76  475  121.00000  137.79789  13.9%   481  141s
 11364  8524  132.28040   49  786  121.00000  137.79789  13.9%   475  146s
 12036  9085  133.92255   31  694  121.00000  137.79789  13.9%   478  153s
 12384  9563  127.74288   61  519  121.00000  137.79789  13.9%   480  156s
 13462  9997  130.54056   57  734  121.00000  137.79789  13.9%   477  162s
 13520 10241  128.56181   58  617  121.00000  137.79789  13.9%   477  165s
 14484 11253  132.02944   62  669  121.00000  137.79789  13.9%   474  172s
 15060 11837  126.00947   93  575  121.00000  137.79789  13.9%   474  175s
 16580 12984  134.75248   29  677  121.00000  137.79789  13.9%   468  182s
 17264 13600  125.69624   64  466  121.00000  137.79789  13.9%   466  188s
 18083 14160  125.51899   50  508  121.00000  136.90396  13.1%   463  192s
 18821 14801  126.65547   53  459  121.00000  136.86365  13.1%   462  196s
 19598 15409  132.20448   54  714  121.00000  136.79676  13.1%   460  201s
 20395 16032  132.89379   32  580  121.00000  136.64828  12.9%   459  205s
 21170 16999  131.24498   53  520  121.00000  136.64828  12.9%   458  210s
 23069 18286  126.78972   76  625  121.00000  136.64684  12.9%   451  218s
 23851 18969  130.79537   44  724  121.00000  136.64684  12.9%   450  225s
 25710 20486  125.83155   92  552  121.00000  136.41539  12.7%   445  233s
 26757 21350  127.69266   42  727  121.00000  136.35821  12.7%   442  238s
 27821 22119  128.32793   55  715  121.00000  136.29033  12.6%   440  243s
 28814 22887  133.44315   37  807  121.00000  136.25233  12.6%   439  248s
 29803 23751  131.83128   46  710  121.00000  136.21003  12.6%   439  254s
 30862 24322  131.95347   46  804  121.00000  136.21003  12.6%   438  261s
 31734 25133  128.44475   38  531  121.00000  136.13234  12.5%   441  267s
 32683 26102  131.73919   43  677  121.00000  136.13234  12.5%   447  274s
 33992 27271  132.40148   37  631  121.00000  136.09779  12.5%   448  280s
 35349 28081  130.81564   39  821  121.00000  136.07211  12.5%   448  287s
 36370 28833  128.04370   36  586  121.00000  136.07211  12.5%   446  296s
 37359 30013  131.02695   49  802  121.00000  135.95559  12.4%   446  304s
 38801 31184  133.60739   47  804  121.00000  135.91491  12.3%   446  311s
 40344 32239  122.08297   50  537  121.00000  135.86465  12.3%   445  319s
 41713 32240  123.02411   85 1079  121.00000  135.79320  12.2%   447  356s
 41715 32241  131.85760   48 2632  121.00000  135.79320  12.2%   447  360s
 41723 32247  125.72920   71 1006  121.00000  135.79320  12.2%   447  365s
 41735 32255  127.58472   53 1180  121.00000  135.79320  12.2%   447  371s
 41748 32263  125.42436   68 1124  121.00000  135.79320  12.2%   447  375s
 41762 32273  128.82828   33 1129  121.00000  135.79320  12.2%   447  380s
 41775 32281  123.25565   78 1192  121.00000  135.79320  12.2%   446  385s
 41782 32286  129.84131   64 1205  121.00000  135.79320  12.2%   446  390s
 41789 32300  135.79320   32 1137  121.00000  135.79320  12.2%   448  395s
 41914 32404  135.79320   38 1088  121.00000  135.79320  12.2%   449  400s
 42082 32514  135.79320   43 1083  121.00000  135.79320  12.2%   452  405s
 42291 32658  135.79320   48  922  121.00000  135.79320  12.2%   454  410s
 42442 32743  134.49804   52  892  121.00000  135.79320  12.2%   454  415s
 42614 32874  135.31753   56  683  121.00000  135.79320  12.2%   455  420s
 42882 33066  134.92419   58  847  121.00000  135.79320  12.2%   455  425s
 43080 33159  134.33801   61  841  121.00000  135.79320  12.2%   455  430s
 43501 33358  132.09484   68  625  121.00000  135.79320  12.2%   455  436s
 43812 33505  131.57156   76  617  121.00000  135.79320  12.2%   456  440s
 44179 33662  128.97208   87  580  121.00000  135.79320  12.2%   456  445s
 44522 33861  123.22976  101  361  121.00000  135.79320  12.2%   456  451s
 44977 34114  132.32652   59  681  121.00000  135.79320  12.2%   457  457s
 45300 34318  129.15427   73  465  121.00000  135.79320  12.2%   457  464s
 45485 34443  125.76765   80  420  121.00000  135.79320  12.2%   457  467s
 45939 34464  134.97016   41  779  121.00000  135.79320  12.2%   457  471s
 45976 34573  134.78208   43  821  121.00000  135.79320  12.2%   457  476s
 46269 34860  132.65548   52  834  121.00000  135.79320  12.2%   457  481s
 46764 35174  128.41035   79  678  121.00000  135.79320  12.2%   456  486s
 47083 35282  125.61258  101  574  121.00000  135.79320  12.2%   456  490s
 47633 35599  134.77649   64  863  121.00000  135.79320  12.2%   455  499s
 47924 35801  131.82256   77  851  121.00000  135.79320  12.2%   455  502s
 48293 35908  129.02334   94  644  121.00000  135.79320  12.2%   454  506s
 48598 36038  125.07734  118  547  121.00000  135.79320  12.2%   454  510s
 49163 36436  133.46394   64  907  121.00000  135.79320  12.2%   455  517s
 49535 36610  129.12341   79  792  121.00000  135.79320  12.2%   455  522s
 49974 36824  125.11611  101  669  121.00000  135.79320  12.2%   455  526s
 50414 36891  132.83919   60  750  121.00000  135.79320  12.2%   455  533s
 50683 36817  129.52462   74  693  121.00000  135.79320  12.2%   455  537s
 50699 36904  129.43266   75  688  121.00000  135.79320  12.2%   455  541s
 50799 37357  128.58574   79  577  121.00000  135.79320  12.2%   455  545s
 51481 37751  134.12799   60  695  121.00000  135.79320  12.2%   453  550s
 52201 38082  135.79320   42 1139  121.00000  135.79320  12.2%   453  555s
 52890 38431  129.62367   63  762  121.00000  135.79320  12.2%   452  560s
 53626 38888  133.39645   50  766  121.00000  135.79320  12.2%   452  568s
 54484 39355  124.69732   94  589  121.00000  135.79320  12.2%   451  574s
 55454 39699  134.92171   48  805  121.00000  135.79320  12.2%   450  579s
 56267 40145  124.38524   99  567  121.00000  135.79320  12.2%   449  584s
 57130 40521  123.56256  107  288  121.00000  135.79320  12.2%   449  590s
 58021 40786  130.71150   66  818  121.00000  135.79320  12.2%   449  596s
 58692 41361  127.73841   77  708  121.00000  135.78053  12.2%   449  604s
 59677 41767  130.43174   50  759  121.00000  135.72375  12.2%   448  611s
 60530 42317  129.53802   56  691  121.00000  135.72375  12.2%   449  617s
 61591 42936  125.86363   68  358  121.00000  135.64835  12.1%   448  623s
 62749 43563  129.99225   65  586  121.00000  135.58784  12.1%   447  632s
 64022 44004  131.71699   58  831  121.00000  135.53710  12.0%   446  641s
 65072 44450  133.69234   60  700  121.00000  135.48369  12.0%   445  646s
 66094 44781  133.74565   54  847  121.00000  135.47528  12.0%   443  652s
 66956 45310  128.02193   64  431  121.00000  135.39878  11.9%   443  658s
 68112 45503  123.01829   88  467  121.00000  135.34149  11.9%   442  664s
 68809 45686  130.02950   65  676  121.00000  135.34061  11.9%   443  673s
 69326 46446  127.91426   51  489  121.00000  135.32206  11.8%   444  681s
 70610 46941  132.12417   57  793  121.00000  135.25129  11.8%   444  688s
 71716 47340  131.72123   59  614  121.00000  135.23958  11.8%   444  696s
 72680 48119  124.90235   67  431  121.00000  135.18899  11.7%   444  707s
 74114 48793  132.27016   52  951  121.00000  135.15002  11.7%   443  716s
 75577 49423  127.41191   67  532  121.00000  135.12199  11.7%   442  724s
 77040 50215  127.53613   61  762  121.00000  135.05546  11.6%   441  733s
 78685 50884  129.61303   43  613  121.00000  135.02920  11.6%   440  745s
 80219 50853  126.99360   58  672  121.00000  134.99376  11.6%   439  754s
 80876 51767  123.72812   61  415  121.00000  134.99376  11.6%   439  764s
 82391 52571  129.52740   47  529  121.00000  134.99376  11.6%   440  777s
 84069 53712  127.76109   62  461  121.00000  134.95866  11.5%   440  790s
 86205 54092  131.79888   46  833  121.00000  134.82266  11.4%   439  800s
 87765 54906  125.43347   51  475  121.00000  134.78708  11.4%   440  813s
 89506 55682  129.65949   67  672  121.00000  134.73382  11.4%   439  823s
 91213 56464  123.99692   78  591  121.00000  134.69845  11.3%   438  833s
 92918 57128  125.32694   69  483  121.00000  134.67158  11.3%   437  845s
 94512 57845  129.40834   53  728  121.00000  134.63480  11.3%   437  855s
 96112 58513  123.83549   75  361  121.00000  134.60917  11.2%   437  865s
 97766 59165  131.42659   68  720  121.00000  134.55423  11.2%   437  875s
 99412 59812  130.37661   58  621  121.00000  134.51832  11.2%   436  886s
 100991 60565  129.18617   61  806  121.00000  134.46647  11.1%   436  895s
 102660 61125  125.91984   67  528  121.00000  134.43643  11.1%   436  904s
 104174 61209  131.61758   51  804  121.00000  134.40155  11.1%   435  917s
 105105 62415     cutoff   65       121.00000  134.38523  11.1%   435  930s
 107334 62848  126.81385   91  524  121.00000  134.34561  11.0%   434  938s
 108871 63626  126.27984   51  423  121.00000  134.30914  11.0%   434  949s
 110472 64386  129.86864   58  567  121.00000  134.29010  11.0%   433  958s
 112150 65097  131.28307   41  843  121.00000  134.25566  11.0%   432  967s
 113793 65651  128.98023   68  707  121.00000  134.23776  10.9%   432  976s
 115197 66299  128.88149   51  600  121.00000  134.22345  10.9%   432  987s
 116672 67064  132.71734   68  765  121.00000  134.21497  10.9%   432  996s
 118321 67208  132.27663   42  882  121.00000  134.18889  10.9%   432 1005s
 119224 67945  129.56992   54  681  121.00000  134.17322  10.9%   432 1017s
 120595 68604  130.40363   69  673  121.00000  134.17232  10.9%   433 1026s
 122180 69506  125.72970   65  587  121.00000  134.13684  10.9%   433 1036s
 123982 70303  129.02386   82  545  121.00000  134.11053  10.8%   432 1048s
 125779 70552  125.76727   70  573  121.00000  134.10081  10.8%   431 1060s
 126935 72295  129.22793   55  670  121.00000  134.08453  10.8%   431 1075s
 130003 72525  122.60440   53  476  121.00000  134.04466  10.8%   430 1087s
 131803 73224  123.70824   73  541  121.00000  134.02860  10.8%   429 1097s
 133553 73679  125.28632   82  331  121.00000  133.99244  10.7%   429 1107s
 134890 74371  122.99052   66  481  121.00000  133.98098  10.7%   430 1119s
 136458 75086     cutoff   61       121.00000  133.96837  10.7%   430 1129s
 138243 75708  122.55418   77  509  121.00000  133.94602  10.7%   429 1139s
 139887 76680  127.81743   80  696  121.00000  133.92027  10.7%   429 1148s
 141535 77962  124.46147   74  466  121.00000  133.90236  10.7%   429 1160s
 143291 79239  131.51553   56  766  121.00000  133.88758  10.7%   429 1170s
 144948 80431  130.86636   66  823  121.00000  133.86237  10.6%   429 1179s
 146626 81700  130.57375   62  690  121.00000  133.84475  10.6%   428 1193s
 148469 83096  132.56811   65  814  121.00000  133.81727  10.6%   428 1202s
 150211 84343  125.03581   82  576  121.00000  133.79873  10.6%   428 1212s
 151857 85020  127.65766   75  601  121.00000  133.77454  10.6%   428 1223s
 152830 86338  130.83884   52  807  121.00000  133.77402  10.6%   427 1233s
 154614 87680  129.39282   72  578  121.00000  133.74591  10.5%   427 1243s
 156333 88899  129.23806   66  591  121.00000  133.73235  10.5%   427 1255s
 158001 89971  130.70972   50  762  121.00000  133.70632  10.5%   427 1265s
 159406 91328  131.51992   47  964  121.00000  133.69136  10.5%   428 1275s
 161224 92619  122.20209   82  365  121.00000  133.69136  10.5%   428 1285s
 162975 93881  125.89071   60  614  121.00000  133.66586  10.5%   427 1296s
 164769 95143  123.66428   79  462  121.00000  133.64197  10.4%   427 1306s
 166526 96410  125.05914   72  455  121.00000  133.62422  10.4%   426 1315s
 168279 97903  130.78204   51  717  121.00000  133.60211  10.4%   426 1328s
 170327 98941  131.03952   48  831  121.00000  133.57790  10.4%   425 1337s
 171748 100174  129.13299   71  696  121.00000  133.56977  10.4%   425 1346s
 173380 101340  128.03015   68  784  121.00000  133.55536  10.4%   425 1357s
 174914 102407  122.51153   87  412  121.00000  133.53139  10.4%   425 1366s
 176264 103448  122.92742   86  547  121.00000  133.52227  10.3%   424 1375s
 177688 104656  123.47360   61  515  121.00000  133.51146  10.3%   424 1384s
 179434 105862  131.16708   58  785  121.00000  133.48974  10.3%   424 1396s
 180896 106933  129.60462   60  736  121.00000  133.48011  10.3%   424 1405s
 182598 108302  131.45030   56  560  121.00000  133.46218  10.3%   424 1415s
 184379 109504  124.23381   93  508  121.00000  133.45572  10.3%   424 1427s
 185972 110639  126.38443   74  433  121.00000  133.43271  10.3%   424 1436s
 187562 111500  123.51397   83  523  121.00000  133.43154  10.3%   424 1445s
 188843 112931  125.94511   72  543  121.00000  133.42064  10.3%   424 1456s
 190782 114103  126.25693   73  579  121.00000  133.39647  10.2%   423 1467s
 192375 115328  131.22318   61  687  121.00000  133.38484  10.2%   423 1476s
 193996 116452  131.57588   64  668  121.00000  133.36787  10.2%   423 1485s
 195661 117605  125.10368   67  484  121.00000  133.35647  10.2%   423 1496s
 197227 118875  130.66513   55  727  121.00000  133.34156  10.2%   423 1504s
 198908 120020  129.60830   51  666  121.00000  133.32450  10.2%   422 1513s
 200395 121099  123.12936   87  314  121.00000  133.31730  10.2%   422 1522s
 201844 122315  128.15021   62  501  121.00000  133.30476  10.2%   422 1534s
 203452 123613  129.18828   45  715  121.00000  133.29237  10.2%   422 1542s
 205124 124900  123.55067   71  433  121.00000  133.27170  10.1%   422 1551s
 206812 126218  126.95577   70  511  121.00000  133.25771  10.1%   421 1562s
 208545 127425  128.69318   67  701  121.00000  133.24984  10.1%   421 1572s
 210123 128763  126.86634   73  649  121.00000  133.23264  10.1%   421 1582s
 212067 129891  127.18690   46  560  121.00000  133.21641  10.1%   421 1591s
 213626 131131  129.08016   55  601  121.00000  133.20867  10.1%   420 1602s
 215241 131657  125.68032   71  618  121.00000  133.19494  10.1%   420 1611s
 215921 132522  122.20985   77  494  121.00000  133.19364  10.1%   420 1619s
 217101 133821  131.57538   49  604  121.00000  133.18065  10.1%   420 1632s
 218947 135151  124.83024   76  547  121.00000  133.16779  10.1%   420 1642s
 220846 136527  131.66077   43  556  121.00000  133.14861  10.0%   419 1651s
 222585 137891  129.37110   50  560  121.00000  133.14035  10.0%   419 1661s
 224609 138912  131.01839   55  726  121.00000  133.12367  10.0%   419 1673s
 226293 140100  131.73891   47  866  121.00000  133.10826  10.0%   418 1682s
 227943 141256  129.41997   64  357  121.00000  133.09852  10.0%   418 1691s
 229500 142520  129.82382   45  561  121.00000  133.08550  10.0%   418 1703s
 231361 143986  130.34651   68  879  121.00000  133.07710  10.0%   418 1714s
 233315 145054  126.81981   70  681  121.00000  133.06646  10.0%   417 1723s
 234853 146329  128.54792   58  699  121.00000  133.05550  10.0%   417 1731s
 236519 147554  122.91513  106  397  121.00000  133.04320  10.0%   417 1743s
 238203 148574  129.97072   65  424  121.00000  133.03138  9.94%   417 1751s
 239794 149338  122.12265   77  418  121.00000  133.02127  9.93%   417 1759s
 240898 150603  122.57176   74  677  121.00000  133.01709  9.93%   416 1770s
 242623 151768  132.04135   62  717  121.00000  133.00260  9.92%   416 1779s
 244219 152849  125.26946   69  618  121.00000  132.98992  9.91%   416 1788s
 245703 154113  125.46656   71  416  121.00000  132.98992  9.91%   416 1797s
 247432 155372  128.17227   64  665  121.00000  132.97379  9.90%   416 1808s
 249074 156525  123.43331   85  666  121.00000  132.96653  9.89%   416 1817s
 250616 157579  124.25644   59  399  121.00000  132.95743  9.88%   416 1826s
 252321 158953  130.11727   49  703  121.00000  132.95078  9.88%   416 1839s
 254175 159469  123.65268   75  124  121.00000  132.94409  9.87%   416 1847s
 254899 160738  125.96756   70  571  121.00000  132.94409  9.87%   416 1858s
 256844 162116  130.66768   57  788  121.00000  132.92794  9.86%   416 1869s
 258745 163452  125.73929   80  383  121.00000  132.91854  9.85%   416 1881s
 260551 164566  124.56093   58  356  121.00000  132.90934  9.84%   416 1890s
 262452 164988  128.76218   44  708  121.00000  132.89963  9.83%   416 1899s
 263052 165570  124.33348   95  499  121.00000  132.89736  9.83%   416 1911s
H263055 155871                     122.0000000  132.89736  8.93%   416 1911s
 263886 156795  124.11782   96  473  122.00000  132.89693  8.93%   416 1920s
 265194 158164  123.87859   86  603  122.00000  132.88872  8.93%   415 1931s
 267118 159409  127.42169   70  560  122.00000  132.87405  8.91%   415 1943s
 268940 160689  126.74252   61  676  122.00000  132.86426  8.91%   415 1953s
 270740 161972  129.98838   51  637  122.00000  132.85554  8.90%   415 1963s
 272569 163138  125.17572   71  454  122.00000  132.83861  8.88%   415 1972s
 274403 164337     cutoff   80       122.00000  132.83514  8.88%   415 1985s
 276222 165320  129.44074   46  767  122.00000  132.82572  8.87%   415 1994s
 277647 166511  126.92832   67  563  122.00000  132.81848  8.87%   415 2004s
 279359 167830  131.55159   38  716  122.00000  132.80544  8.86%   415 2016s
 281154 168609  124.07716   77  449  122.00000  132.79824  8.85%   415 2025s
 282751 169824  131.23251   59  609  122.00000  132.78723  8.84%   415 2034s
 284477 171027  130.08096   63  702  122.00000  132.77304  8.83%   415 2046s
 286164 172206  127.14548   78  532  122.00000  132.76583  8.82%   415 2055s
 287816 173419  127.77633   68  513  122.00000  132.75899  8.82%   415 2064s
 289540 174443  130.69680   48  674  122.00000  132.75120  8.81%   415 2073s
 290929 175588  125.44267   73  617  122.00000  132.74546  8.81%   415 2085s
 292637 176717  129.15861   50  593  122.00000  132.73458  8.80%   415 2094s
 294408 177863  128.45425   60  641  122.00000  132.72604  8.79%   415 2103s
 296018 178982  127.54627   70  600  122.00000  132.72045  8.79%   415 2115s
 297631 180170  130.63777   67  712  122.00000  132.71217  8.78%   415 2125s
 299452 180977  126.35458   60  578  122.00000  132.70019  8.77%   415 2134s
 300768 181458  130.14999   51  789  122.00000  132.69650  8.77%   415 2144s
 301491 182676  129.80659   52  737  122.00000  132.69650  8.77%   415 2158s
 303191 184096  123.97630   77  332  122.00000  132.68101  8.75%   415 2169s
 305233 185458  129.47089   65  767  122.00000  132.67071  8.75%   415 2179s
 307151 186672  129.84001   74  631  122.00000  132.65901  8.74%   415 2191s
 309027 188029  127.13738   66  670  122.00000  132.64925  8.73%   415 2201s
 310874 189282  129.79338   45  695  122.00000  132.64025  8.72%   414 2211s
 312732 190581  128.64750   67  596  122.00000  132.63267  8.72%   414 2223s
 314555 191793  128.85418   52  694  122.00000  132.62512  8.71%   414 2232s
 316276 192871  129.13018   64  594  122.00000  132.61434  8.70%   414 2241s
 317981 194229     cutoff   73       122.00000  132.60416  8.69%   414 2254s
 319902 195330  129.27927   58  716  122.00000  132.59302  8.68%   414 2262s
 321413 196417  128.73038   51  517  122.00000  132.58739  8.68%   414 2271s
 323043 197090  131.57288   68  711  122.00000  132.57912  8.67%   414 2279s
 323961 198151  129.72185   54  643  122.00000  132.57912  8.67%   414 2291s
 325500 199373  126.70271   73  670  122.00000  132.57403  8.67%   414 2300s
 327213 200592  129.32348   63  369  122.00000  132.55992  8.66%   414 2310s
 328997 201679  130.22420   66  587  122.00000  132.54774  8.65%   414 2321s
 330574 202784  123.28607   67  482  122.00000  132.53880  8.64%   414 2330s
 332253 204019  127.84862   67  711  122.00000  132.53400  8.63%   414 2340s
 334068 205236  130.82593   63  677  122.00000  132.52726  8.63%   414 2349s
 335744 206327     cutoff   73       122.00000  132.51903  8.62%   414 2360s
 337645 207288     cutoff   73       122.00000  132.51439  8.62%   413 2369s
 339130 208619  127.00778   67  461  122.00000  132.50611  8.61%   414 2379s
 341062 209591  130.87516   40  682  122.00000  132.49820  8.61%   413 2389s
 341503 209591  127.37877   52  560  122.00000  132.49697  8.60%   413 2390s
 342615 210642  127.64449   67  674  122.00000  132.49024  8.60%   413 2398s
 344231 211527  130.36441   56  639  122.00000  132.48441  8.59%   413 2407s
 345705 212675  123.89234   66  415  122.00000  132.47434  8.59%   413 2415s
 347355 213712  129.41932   48  540  122.00000  132.46578  8.58%   413 2426s
 348813 214841  128.39577   74  514  122.00000  132.45797  8.57%   413 2435s
 350372 216062  129.61230   53  515  122.00000  132.45164  8.57%   413 2444s
 352093 217035  129.09908   61  675  122.00000  132.44210  8.56%   413 2453s
 353623 218088  125.75237   68  433  122.00000  132.43470  8.55%   413 2464s
 355062 219136  130.88367   59  751  122.00000  132.43141  8.55%   414 2472s
 356654 219939  124.94168   84  496  122.00000  132.42802  8.55%   414 2481s
 358015 221132  127.44254   47  600  122.00000  132.42297  8.54%   414 2492s
 359720 221944  126.90773   63  589  122.00000  132.41238  8.53%   413 2503s
 360869 223075  126.77834   68  407  122.00000  132.40398  8.53%   413 2516s
 362443 224842  127.56928   55  600  122.00000  132.39921  8.52%   413 2532s
 365144 226192  124.02169   82  468  122.00000  132.38728  8.51%   413 2542s
 367194 227496  124.18206   80  438  122.00000  132.37864  8.51%   413 2552s
 369036 228560  124.64562   89  583  122.00000  132.36938  8.50%   413 2564s
 370855 229795  124.81233   67  386  122.00000  132.36394  8.50%   413 2574s
 372750 230774  124.58097   61  336  122.00000  132.35553  8.49%   413 2583s
 374154 231935  124.82713   80  641  122.00000  132.35150  8.48%   413 2595s
 376019 233126  130.52310   53  772  122.00000  132.34300  8.48%   413 2605s
 377675 233930  125.18685   83  679  122.00000  132.33524  8.47%   413 2614s
 378808 235041  127.37384   55  661  122.00000  132.33325  8.47%   413 2624s
 380480 236199  127.20588   48  455  122.00000  132.32420  8.46%   413 2636s
 382157 237305  127.20528   79  614  122.00000  132.32122  8.46%   413 2646s
 383672 238442  126.78576   67  417  122.00000  132.31293  8.45%   413 2655s
 385286 239625  123.26268   83  452  122.00000  132.31034  8.45%   413 2667s
 387008 240801  126.18286   62  423  122.00000  132.30615  8.45%   413 2677s
 388809 241983  126.76135   61  468  122.00000  132.29541  8.44%   413 2687s
 390656 243199  123.02420   76  573  122.00000  132.28956  8.43%   413 2698s
 392424 244385  123.41977   60  516  122.00000  132.28329  8.43%   413 2707s
 394117 245366  126.17546   57  546  122.00000  132.27683  8.42%   413 2716s
 395764 246424  127.94752   58  668  122.00000  132.26535  8.41%   413 2725s
 397399 247649  129.33916   46  812  122.00000  132.25661  8.41%   413 2736s
 399072 248772  126.90798   61  425  122.00000  132.25204  8.40%   413 2745s
 400663 249800  127.82427   75  833  122.00000  132.24638  8.40%   413 2754s
 402372 250901  127.05570   63  546  122.00000  132.24076  8.39%   413 2767s
 404069 252139  128.64637   47  524  122.00000  132.23308  8.39%   413 2776s
 405826 253118  127.69025   57  715  122.00000  132.22414  8.38%   413 2785s
 407627 254115  131.09772   58  655  122.00000  132.21888  8.38%   413 2794s
 409348 254703  130.97197   53  707  122.00000  132.21314  8.37%   413 2805s
 410170 255725  125.71824   66  570  122.00000  132.21314  8.37%   413 2814s
 411766 256784  126.64248   69  498  122.00000  132.20724  8.37%   413 2823s
 413514 257842  124.83329   66  473  122.00000  132.19837  8.36%   413 2834s
 415223 258831  124.21520   60  446  122.00000  132.19150  8.35%   413 2843s
 416894 259763  128.35603   58  580  122.00000  132.18460  8.35%   413 2852s
 418404 260943  128.77659   74  620  122.00000  132.18059  8.34%   413 2861s
 420117 262129     cutoff   80       122.00000  132.17103  8.34%   413 2872s
 421812 263169  123.04242   67  509  122.00000  132.16448  8.33%   413 2881s
 423338 263185  125.83592   61  481  122.00000  132.15886  8.33%   412 2891s
 423354 273669  125.68776   62  452  122.00000  132.15886  8.33%   412 3003s
 439354 275044  124.24759   76  313  122.00000  132.10397  8.28%   412 3017s
 441354 275991  126.19562   59  474  122.00000  132.09241  8.27%   412 3027s
 442951 277430  123.43937   83  655  122.00000  132.08780  8.27%   412 3041s
 444986 278415  125.30356   64  353  122.00000  132.07968  8.26%   412 3051s
 446436 279806  126.19016   73  568  122.00000  132.07957  8.26%   412 3062s
 448528 280844  127.22832   55  505  122.00000  132.06670  8.25%   412 3071s
 450158 282050  130.69221   46  820  122.00000  132.06408  8.25%   412 3083s
 451883 283208  128.14721   50  745  122.00000  132.05670  8.24%   412 3092s
 453576 284261  123.50741   99  326  122.00000  132.05184  8.24%   412 3101s
 455196 285370  123.41815   66  632  122.00000  132.04732  8.24%   412 3113s
 456934 286392  127.07754   57  633  122.00000  132.03931  8.23%   412 3122s
 458555 287412  129.39939   59  635  122.00000  132.03432  8.22%   412 3130s
 460206 288364  128.41334   55  771  122.00000  132.02867  8.22%   412 3139s
 461960 289364  127.51569   57  531  122.00000  132.02388  8.22%   412 3151s
 463556 290493  126.52331   61  459  122.00000  132.02058  8.21%   412 3160s
 465265 291678  129.40554   50  610  122.00000  132.01422  8.21%   412 3168s
 466983 292860  124.44003   57  392  122.00000  132.01101  8.21%   412 3181s
 468754 294005  129.48334   72  601  122.00000  132.00441  8.20%   412 3190s
 470521 295001  126.44418   61  652  122.00000  131.99722  8.19%   412 3198s
 472257 295555  129.59129   63  627  122.00000  131.99184  8.19%   411 3207s
 473495 296663  130.66313   63  576  122.00000  131.98532  8.18%   411 3218s
 475139 297654  127.60958   74  713  122.00000  131.98122  8.18%   411 3227s
 476569 298668  126.21534   68  637  122.00000  131.97547  8.18%   412 3236s
 478157 299727  128.12058   55  790  122.00000  131.96879  8.17%   412 3245s
 479894 300927  129.35910   42  738  122.00000  131.96620  8.17%   412 3256s
 481662 301243  124.58657   65  579  122.00000  131.95963  8.16%   412 3264s
 482128 302065  127.12786   55  679  122.00000  131.95963  8.16%   412 3274s
 483349 303136  126.98905   84  460  122.00000  131.95463  8.16%   411 3285s
 485060 304371  126.06941   75  576  122.00000  131.94828  8.15%   412 3295s
 486866 305399  129.42108   46  633  122.00000  131.94176  8.15%   412 3304s
 488518 306522  123.02440   55  256  122.00000  131.94078  8.15%   412 3314s
 490355 307352  128.32771   63  747  122.00000  131.93263  8.14%   412 3325s
 491635 308559  130.25275   54  653  122.00000  131.93136  8.14%   411 3334s
 493383 309709  128.94833   48  611  122.00000  131.92098  8.13%   411 3343s
 495104 309886  129.02374   58  797  122.00000  131.91502  8.13%   411 3354s
 495427 311115  128.84243   59  714  122.00000  131.91502  8.13%   411 3363s
 497229 312198  130.88649   48  706  122.00000  131.90649  8.12%   411 3373s
 498924 313392  124.11151   76  378  122.00000  131.90289  8.12%   411 3382s
 500683 314534  124.77251   75  606  122.00000  131.89695  8.11%   411 3394s
 502468 315565  123.95836   74  314  122.00000  131.89269  8.11%   411 3403s
 504200 316727  129.51248   65  788  122.00000  131.88609  8.10%   411 3412s
 505850 317854  123.28466   76  455  122.00000  131.88101  8.10%   411 3423s
 507585 318898  123.61451   64  410  122.00000  131.87619  8.10%   411 3432s
 509319 319851  126.10496   72  697  122.00000  131.87090  8.09%   411 3442s
 510692 321213  124.13972   65  512  122.00000  131.86778  8.09%   411 3456s
 512899 322394  126.58010   66  489  122.00000  131.86128  8.08%   411 3465s
 514574 323581  129.79020   60  745  122.00000  131.85445  8.08%   411 3475s
 516386 324757  129.50524   53  793  122.00000  131.85169  8.08%   411 3484s
 518105 325874  125.43278   81  502  122.00000  131.84528  8.07%   411 3495s
 519776 326919  123.80810   69  493  122.00000  131.84119  8.07%   411 3504s
 521373 328082  129.05309   59  511  122.00000  131.83611  8.06%   411 3514s
 523069 329135  126.10491   59  561  122.00000  131.83013  8.06%   411 3525s
 524733 330138  124.61235   68  529  122.00000  131.82429  8.05%   411 3534s
 526269 331417  127.56387   60  670  122.00000  131.82200  8.05%   411 3543s
 528115 332244  129.72398   55  579  122.00000  131.81335  8.04%   411 3551s
 529764 333426  124.62162   63  646  122.00000  131.80823  8.04%   411 3564s
 531603 334435  127.98778   57  628  122.00000  131.80419  8.04%   411 3573s
 533118 335130  126.85134   77  568  122.00000  131.79890  8.03%   411 3581s
 534186 336256  127.07357   81  797  122.00000  131.79890  8.03%   411 3593s
 536023 337144  124.53890   69  407  122.00000  131.79030  8.02%   410 3600s

Cutting planes:
  Gomory: 51
  Cover: 793
  Implied bound: 151
  Dual implied bound: 50
  MIR: 238
  StrongCG: 119
  Flow cover: 357
  GUB cover: 113
  Zero half: 49
  Mod-K: 47
  RLT: 407
  BQP: 2

Explored 537380 nodes (220596076 simplex iterations) in 3600.01 seconds (8401.32 work units)
Thread count was 16 (of 16 available processors)

Solution count 2: 122 121 

Time limit reached
Best objective 1.220000000000e+02, best bound 1.310000000000e+02, gap 7.3770%
