
Gurobi 13.0.3 (linux64) logging started Sat Sep 12 23:06:49 2026

Set parameter LogFile to value "Logs/Gurobi/dags_m0050_s2.txt"
Gurobi Optimizer version 13.0.3 build v13.0.3rc0 (linux64 - "Ubuntu 24.04.4 LTS")

CPU model: AMD Ryzen 7 7700 8-Core Processor, instruction set [SSE2|AVX|AVX2|AVX512]
Thread count: 8 physical cores, 16 logical processors, using up to 16 threads

Non-default parameters:
TimeLimit  3600
LogToConsole  0

Academic license 2863599 - for non-commercial use only - registered to be___@usm.cl
Optimize a model with 5322 rows, 3245 columns and 12343 nonzeros (Max)
Model fingerprint: 0x8e1ba78b
Model has 2622 linear objective coefficients
Variable types: 2622 continuous, 623 integer (623 binary)
Coefficient statistics:
  Matrix range     [1e+00, 5e+01]
  Objective range  [1e+00, 6e+00]
  Bounds range     [1e+00, 1e+00]
  RHS range        [1e+00, 1e+00]

Warning: Completing partial solution with 573 unfixed non-continuous variables out of 623
User MIP start produced solution with objective 123 (0.00s)
Loaded user MIP start with objective 123

Presolve removed 39 rows and 21 columns
Presolve time: 0.05s
Presolved: 5283 rows, 3224 columns, 12215 nonzeros
Variable types: 0 continuous, 3224 integer (3224 binary)

Root relaxation: objective 3.087152e+02, 7836 iterations, 0.28 seconds (0.71 work units)

    Nodes    |    Current Node    |     Objective Bounds      |     Work
 Expl Unexpl |  Obj  Depth IntInf | Incumbent    BestBd   Gap | It/Node Time

     0     0  308.71521    0 2780  123.00000  308.71521   151%     -    0s
     0     0  186.17191    0 1382  123.00000  186.17191  51.4%     -    2s
     0     0  162.83376    0 1259  123.00000  162.83376  32.4%     -    3s
     0     0  162.55536    0 1278  123.00000  162.55536  32.2%     -    3s
     0     0  162.54365    0 1297  123.00000  162.54365  32.1%     -    3s
     0     0  158.74960    0 1365  123.00000  158.74960  29.1%     -    4s
     0     0  158.41323    0 1373  123.00000  158.41323  28.8%     -    4s
     0     0  158.40133    0 1290  123.00000  158.40133  28.8%     -    4s
     0     0  157.80595    0 1236  123.00000  157.80595  28.3%     -    4s
     0     0  157.80595    0 1236  123.00000  157.80595  28.3%     -    4s
     0     0  157.80595    0 1236  123.00000  157.80595  28.3%     -    4s
     0     2  157.80526    0 1236  123.00000  157.80526  28.3%     -    8s
    57    76  154.12989    8 1192  123.00000  157.38037  28.0%   882   10s
   243   250  143.85655   25  879  123.00000  157.38037  28.0%   665   15s
   597   546  150.86566    8 1060  123.00000  157.03687  27.7%   544   20s
  1089   988  147.47192   16  878  123.00000  156.44158  27.2%   523   25s
  1674  1450  126.66095   43 1236  123.00000  156.33612  27.1%   486   38s
  1677  1452  138.58145   39 1261  123.00000  156.33612  27.1%   485   41s
  1693  1463  148.52512   21 1345  123.00000  154.69113  25.8%   481   45s
  1710  1474  141.07051   35 1398  123.00000  154.10798  25.3%   476   50s
  1715  1477  147.43717   16 1345  123.00000  154.03997  25.2%   475   56s
  1746  1515  153.21496   16 1213  123.00000  153.34188  24.7%   522   60s
  1859  1606  152.74204   19 1242  123.00000  153.34188  24.7%   550   66s
  2007  1693  148.69154   21 1147  123.00000  153.34188  24.7%   586   70s
  2215  1856  148.48755   25 1002  123.00000  153.34188  24.7%   617   75s
  2737  2111  144.99300   28  953  123.00000  152.74185  24.2%   580   80s
  3148  2304  144.13249   32  920  123.00000  152.09058  23.7%   574   85s
  3692  2677  143.61830   35  814  123.00000  152.09058  23.7%   559   90s
  4397  2972  140.33073   38  757  123.00000  151.62957  23.3%   539   96s
  4735  3224  138.25597   44  741  123.00000  151.59540  23.2%   541  101s
  5237  3344  133.50044   53  635  123.00000  151.59540  23.2%   534  105s
  5354  3452  132.96295   55  522  123.00000  150.94388  22.7%   533  110s
  5936  3918  146.39061   29 1096  123.00000  150.94388  22.7%   530  115s
  6666  4453  129.24826   56  538  123.00000  150.94388  22.7%   522  120s
  7464  5134  135.80303   46  617  123.00000  150.94388  22.7%   515  126s
  7946  5564  143.18648   41  877  123.00000  150.94388  22.7%   515  130s
  8603  6173  134.95511   72  795  123.00000  150.94388  22.7%   511  136s
  9221  6576  145.47689   23 1009  123.00000  150.94388  22.7%   513  141s
  9665  7168  139.66427   37  737  123.00000  150.94388  22.7%   529  145s
 10456  7818  137.78949   57  674  123.00000  150.94388  22.7%   534  150s
 11153  8389  134.45045   63  570  123.00000  150.94388  22.7%   537  157s
 11508  8761  134.17064   64  565  123.00000  149.18028  21.3%   533  161s
 12515  9693  128.16030   77  344  123.00000  148.97604  21.1%   530  169s
 13144 10094  142.82035   37  979  123.00000  148.97604  21.1%   526  173s
 13629 10349  136.06981   60  887  123.00000  148.97604  21.1%   526  177s
 13884 10957  129.95314   79  706  123.00000  148.84086  21.0%   526  181s
 14553 11347  142.54157   38  925  123.00000  148.84086  21.0%   520  186s
 15053 11919  135.68549   61  882  123.00000  148.84086  21.0%   522  191s
 15810 12404  143.39147   25  901  123.00000  148.84086  21.0%   520  195s
 17226 13544  142.62540   27 1006  123.00000  148.68903  20.9%   514  206s
 17846 14058  142.08501   32  893  123.00000  148.68903  20.9%   516  211s
 18599 14703  140.00142   32  733  123.00000  148.68903  20.9%   518  216s
 19545 15409  143.20414   40  964  123.00000  148.68903  20.9%   516  221s
 20304 16087  132.39665   82  691  123.00000  148.15164  20.4%   514  227s
 21146 16775  144.61951   38 1008  123.00000  147.97337  20.3%   512  238s
 22024 17416  139.58201   44  861  123.00000  147.88403  20.2%   512  244s
 22833 18137  138.99162   38  751  123.00000  147.79347  20.2%   511  250s
 23742 18727  144.53209   28  969  123.00000  147.72716  20.1%   509  256s
 24504 19252  147.03725   25 1088  123.00000  147.72716  20.1%   512  262s
 25067 19861  143.13551   37  978  123.00000  147.72716  20.1%   522  272s
 25717 20902  135.92870   54  769  123.00000  147.72716  20.1%   530  279s
 26980 21920  145.94949   25 1150  123.00000  147.64159  20.0%   530  286s
 28211 22950  128.05411   90  553  123.00000  147.64159  20.0%   527  294s
 29442 23769  132.20599   74  696  123.00000  147.45691  19.9%   525  301s
 30425 24390  138.97611   43  571  123.00000  147.40917  19.8%   523  311s
 31231 25688  137.33904   51  706  123.00000  147.36200  19.8%   523  320s
 32703 26906  143.60163   37  915  123.00000  147.36200  19.8%   522  329s
 34236 28006  135.18972   39  847  123.00000  147.25581  19.7%   520  340s
 35501 29282  138.63790   63  760  123.00000  147.19242  19.7%   523  349s
 36994 30528  139.68153   28  692  123.00000  147.19215  19.7%   526  359s
 38650 31809  141.12443   47  841  123.00000  147.06370  19.6%   524  368s
 40124 33390  136.81097   60  692  123.00000  147.00737  19.5%   523  381s
 41984 33391  139.14012   36 1236  123.00000  147.00174  19.5%   522  445s
 41995 33398  145.60034   25 1286  123.00000  147.00174  19.5%   522  450s
 42007 33406  142.06557   41 1290  123.00000  147.00174  19.5%   521  456s
 42015 33412  139.53809   29 1304  123.00000  147.00174  19.5%   521  460s
 42025 33418  131.85082   33 1373  123.00000  147.00174  19.5%   521  465s
 42039 33428  143.54743   26 1343  123.00000  147.00174  19.5%   521  470s
 42049 33434  132.99617   54 1362  123.00000  147.00174  19.5%   521  478s
 42056 33448  147.00174   25 1363  123.00000  147.00174  19.5%   522  480s
 42130 33519  147.00174   29 1060  123.00000  147.00174  19.5%   523  485s
 42254 33591  147.00174   32 1043  123.00000  147.00174  19.5%   525  490s
 42344 33648  147.00174   35 1126  123.00000  147.00174  19.5%   527  495s
 42440 33712  147.00174   38 1216  123.00000  147.00174  19.5%   529  500s
 42520 33766  146.71091   40  940  123.00000  147.00174  19.5%   529  505s
 42611 33841  143.91037   42 1012  123.00000  147.00174  19.5%   530  512s
 42726 33945  143.18064   44  950  123.00000  147.00174  19.5%   531  515s
 42949 34072  140.21729   47  755  123.00000  147.00174  19.5%   531  520s
 43198 34237  138.46937   53  680  123.00000  147.00174  19.5%   533  525s
 43495 34430  134.51580   60  589  123.00000  147.00174  19.5%   533  531s
 43849 34607  131.29516   71  488  123.00000  147.00174  19.5%   534  536s
 44119 34722  125.28745   87  246  123.00000  147.00174  19.5%   533  541s
 44349 34856  144.82138   34 1105  123.00000  147.00174  19.5%   533  547s
 44611 35002  141.50032   47  891  123.00000  147.00174  19.5%   533  551s
 44918 35226  137.12041   64  888  123.00000  147.00174  19.5%   533  556s
 45289 35388  130.88429   86  775  123.00000  147.00174  19.5%   532  561s
 45559 35533  124.12257  110  570  123.00000  147.00174  19.5%   532  566s
 45906 35766  145.10058   41  997  123.00000  147.00174  19.5%   532  571s
 46326 36038  135.93008   59  676  123.00000  147.00174  19.5%   531  577s
 46582 36166  130.23169   75  658  123.00000  147.00174  19.5%   531  583s
 46872 36250  147.00174   32  972  123.00000  147.00174  19.5%   530  586s
 47290 36484  144.33421   39  945  123.00000  147.00174  19.5%   530  592s
 47523 36655  139.89082   48  789  123.00000  147.00174  19.5%   530  596s
 47792 36817  136.97764   62  657  123.00000  147.00174  19.5%   531  600s
 48405 37206  127.92549   81  381  123.00000  147.00174  19.5%   531  608s
 48805 37320  142.98275   46  913  123.00000  147.00174  19.5%   530  612s
 49128 37489  138.81139   62  845  123.00000  147.00174  19.5%   529  618s
 49405 37725  135.44268   80  812  123.00000  147.00174  19.5%   530  623s
 49759 37933  128.17172  109  591  123.00000  147.00174  19.5%   530  628s
 50168 38151  141.71095   40  926  123.00000  147.00174  19.5%   530  633s
 50605 38375  129.74740   60  584  123.00000  147.00174  19.5%   529  637s
 51077 38752  140.18497   42  692  123.00000  147.00174  19.5%   529  642s
 51783 38994  145.47948   32 1012  123.00000  147.00174  19.5%   527  647s
 52368 39420  139.82131   53  934  123.00000  147.00174  19.5%   526  654s
 53059 39669  128.25310   92  823  123.00000  147.00174  19.5%   525  659s
 53635 39794  140.13223   48  777  123.00000  147.00174  19.5%   524  665s
 54107 40333  128.38379   75  565  123.00000  147.00174  19.5%   523  670s
 54882 40719  142.08526   39  839  123.00000  147.00174  19.5%   524  676s
 55660 41220  141.47411   39  926  123.00000  147.00174  19.5%   524  685s
 56622 41636  124.69938  104  529  123.00000  147.00174  19.5%   524  691s
 57546 42180  140.33126   49  864  123.00000  147.00174  19.5%   526  698s
 58621 42526  144.21724   38  873  123.00000  146.78000  19.3%   525  704s
 59517 43023  142.37241   34  746  123.00000  146.22348  18.9%   525  711s
 60582 43230  134.24859   57  561  123.00000  146.04044  18.7%   525  721s
 61489 43893  139.14833   41  917  123.00000  145.96093  18.7%   524  727s
 62632 44505  138.35347   55  737  123.00000  145.96093  18.7%   523  736s
 63934 44651  141.27329   36  822  123.00000  145.74015  18.5%   522  742s
 64725 44977  125.57337   47  400  123.00000  145.74015  18.5%   523  748s
 65709 45515  138.92676   52  908  123.00000  145.55278  18.3%   523  757s
 66824 45916  137.90802   38  714  123.00000  145.49529  18.3%   522  763s
 67752 46131  134.23371   50  630  123.00000  145.49529  18.3%   522  770s
H67869 44082                     124.0000000  145.47490  17.3%   522  770s
 68417 44784  131.76538   54  589  124.00000  145.47345  17.3%   521  777s
 69494 45326  140.14814   42  793  124.00000  145.32462  17.2%   521  785s
 70700 45737  133.80544   42  540  124.00000  145.28019  17.2%   521  794s
 71777 46232  126.07724   82  265  124.00000  145.20945  17.1%   520  802s
 72790 47130  141.50435   32  897  124.00000  145.14418  17.1%   520  812s
 74298 47817  138.35684   65  899  124.00000  145.11597  17.0%   519  823s
 75695 48410  136.23918   69  802  124.00000  145.06243  17.0%   518  833s
 77079 49180  143.01573   36  965  124.00000  144.96789  16.9%   518  842s
 78672 49882  139.88630   45  818  124.00000  144.93891  16.9%   517  852s
 80243 50702  137.54264   48  686  124.00000  144.82065  16.8%   516  864s
 81867 50705  138.18033   58  780  124.00000  144.77315  16.8%   515  873s
 82459 51888  131.96733   83  720  124.00000  144.76292  16.7%   515  883s
 84194 53017  136.30904   57  749  124.00000  144.69476  16.7%   514  899s
 86367 53497  138.09085   39  779  124.00000  144.58274  16.6%   513  908s
 88104 54096  139.94948   45  866  124.00000  144.51214  16.5%   512  918s
 89582 55050  129.44427   66  647  124.00000  144.47333  16.5%   511  930s
 91275 54707  140.49587   48  997  124.00000  144.42008  16.5%   510  939s
 91553 55747  139.68851   48  948  124.00000  144.41938  16.5%   510  950s
 93147 56315  126.47573   59  450  124.00000  144.36437  16.4%   511  964s
 94665 57082  137.21993   65  938  124.00000  144.32007  16.4%   510  974s
 96266 57482  137.14992   42  654  124.00000  144.29925  16.4%   510  984s
 97514 57631  137.12823   61  804  124.00000  144.25470  16.3%   510  998s
 98260 58691  140.19837   34  916  124.00000  144.25470  16.3%   509 1008s
 99972 59729  134.32294   72  757  124.00000  144.18692  16.3%   511 1019s
 101938 60627  136.10346   50  666  124.00000  144.14995  16.2%   510 1031s
 103815 61340  126.74493   72  408  124.00000  144.11457  16.2%   510 1041s
 105550 62573  138.54050   39  804  124.00000  144.04957  16.2%   509 1054s
 107768 62953  140.03583   50  874  124.00000  144.01751  16.1%   508 1065s
 109193 63789  135.64004   43  775  124.00000  143.98204  16.1%   509 1074s
 110855 64510  126.40162   90  501  124.00000  143.94428  16.1%   508 1083s
 112618 65257  129.41132   70  628  124.00000  143.89299  16.0%   507 1092s
 114293 65939  139.75305   43  996  124.00000  143.87191  16.0%   506 1103s
 115923 66700  133.59762   53  554  124.00000  143.85062  16.0%   506 1112s
 117573 66178  137.82867   43  629  124.00000  143.81657  16.0%   505 1120s
 117609 67054  140.42714   44  672  124.00000  143.81657  16.0%   505 1128s
 118834 67807  139.20535   51  696  124.00000  143.81657  16.0%   506 1139s
 120361 68436  134.79909   57  618  124.00000  143.76354  15.9%   506 1150s
 121875 69377  132.50791   73  717  124.00000  143.71983  15.9%   507 1160s
 123615 69880  131.04140   67  654  124.00000  143.68713  15.9%   506 1172s
 125114 70656  126.32226   55  303  124.00000  143.63902  15.8%   507 1181s
 126778 71356  136.09652   52  772  124.00000  143.62319  15.8%   507 1193s
 128644 71962  136.50572   51  622  124.00000  143.59508  15.8%   508 1206s
 130355 72581  134.58607   42  644  124.00000  143.55683  15.8%   507 1216s
 132028 73377  127.00009   61  468  124.00000  143.49420  15.7%   507 1225s
 133783 74176  137.13013   59  715  124.00000  143.46503  15.7%   507 1237s
 135566 75014  135.97150   59  603  124.00000  143.41884  15.7%   507 1245s
 137348 75546  140.95324   55  961  124.00000  143.40344  15.6%   506 1254s
 139001 76907  141.65687   38  891  124.00000  143.37175  15.6%   507 1263s
 140624 78188  140.24973   34  949  124.00000  143.35097  15.6%   506 1275s
 142274 79393  139.04574   46  748  124.00000  143.30918  15.6%   506 1284s
 143852 80753  140.78377   44  695  124.00000  143.29620  15.6%   506 1293s
 145555 82109  127.23760   80  663  124.00000  143.27459  15.5%   506 1304s
 147275 83745  132.64956   58  641  124.00000  143.25777  15.5%   506 1315s
 149261 84900  128.48935   90  727  124.00000  143.22539  15.5%   505 1323s
 150864 86216  142.42940   47  951  124.00000  143.19688  15.5%   505 1332s
 152586 87495  138.75257   52  845  124.00000  143.18708  15.5%   505 1343s
 154239 88533  136.32009   49  888  124.00000  143.16900  15.5%   505 1352s
 155649 89632  140.60737   47  800  124.00000  143.13715  15.4%   505 1360s
 157202 90873  137.49685   42  683  124.00000  143.13282  15.4%   505 1369s
 158819 92181  136.98192   57  844  124.00000  143.10526  15.4%   504 1381s
 160469 93514  129.75470   76  527  124.00000  143.08450  15.4%   504 1391s
 162171 94749  141.48943   48 1034  124.00000  143.06587  15.4%   504 1400s
 163732 95453  134.23068   50  705  124.00000  143.03588  15.4%   504 1411s
 164626 96640  137.12144   56  579  124.00000  143.03588  15.4%   503 1420s
 166130 96744  133.59654   49  580  124.00000  143.01229  15.3%   504 1429s
 166242 97615  134.52784   53  682  124.00000  143.01229  15.3%   504 1442s
 167365 99170  132.32170   54  465  124.00000  142.99026  15.3%   504 1453s
 169312 100796  129.43470   86  742  124.00000  142.97250  15.3%   503 1463s
 171315 101868  125.88457   61  568  124.00000  142.95908  15.3%   503 1471s
 172804 103156  140.16070   45  971  124.00000  142.93532  15.3%   503 1482s
 174433 104448     cutoff   75       124.00000  142.90209  15.2%   503 1490s
 176073 105801  139.33011   36  973  124.00000  142.88742  15.2%   503 1499s
 177778 107138  135.40202   49  822  124.00000  142.87231  15.2%   502 1507s
 179410 108252  134.58311   51  860  124.00000  142.85923  15.2%   502 1518s
 180871 109647  132.17351   63  511  124.00000  142.83833  15.2%   502 1526s
 182652 110978  136.30643   49  748  124.00000  142.82377  15.2%   502 1534s
 184303 112334  139.56815   45  799  124.00000  142.80465  15.2%   502 1545s
 186013 113646  138.86576   61  698  124.00000  142.79000  15.2%   501 1553s
 187611 114897  126.35001  107  620  124.00000  142.77444  15.1%   501 1561s
 189332 116029  136.55697   40  743  124.00000  142.75414  15.1%   501 1569s
 190879 117490  139.61812   48  846  124.00000  142.73072  15.1%   501 1581s
 192803 118692  139.46118   38  863  124.00000  142.70395  15.1%   500 1590s
 194313 119850  129.77944   50  362  124.00000  142.68823  15.1%   501 1598s
 195876 121115  125.54350   79  690  124.00000  142.66206  15.1%   501 1606s
 197524 122396  137.04346   49  865  124.00000  142.64666  15.0%   500 1617s
 199306 123595  139.49515   36  873  124.00000  142.63478  15.0%   500 1625s
 200851 124888  132.82065   68  632  124.00000  142.63404  15.0%   500 1633s
 202560 126184  139.74013   40  860  124.00000  142.60674  15.0%   500 1642s
 204261 127641  132.72496   66  719  124.00000  142.59054  15.0%   500 1652s
 206051 129006  138.45487   56  934  124.00000  142.57936  15.0%   499 1660s
 207709 130093  129.35035   54  514  124.00000  142.56816  15.0%   499 1668s
 209343 131483  135.83546   57  661  124.00000  142.55020  15.0%   499 1677s
 211010 132609  126.80730   51  189  124.00000  142.53673  14.9%   498 1687s
 212677 133158  136.55292   45  661  124.00000  142.51183  14.9%   499 1696s
 213339 136873  131.89638   57  609  124.00000  142.50960  14.9%   499 1721s
 218272 138130  138.91748   34  955  124.00000  142.46621  14.9%   498 1729s
 219859 139431  138.49993   50  739  124.00000  142.45093  14.9%   498 1738s
 221520 140709  135.76432   42  593  124.00000  142.43452  14.9%   498 1747s
 223240 142124  129.78651   76  660  124.00000  142.42134  14.9%   498 1758s
 224951 143322  136.92766   48  782  124.00000  142.40578  14.8%   497 1766s
 226622 144712  129.08254   55  638  124.00000  142.38855  14.8%   497 1775s
 228345 146077  126.15916   87  783  124.00000  142.38247  14.8%   497 1783s
 230048 147416  130.15428   89  735  124.00000  142.37089  14.8%   497 1793s
 231681 148810  131.36574   55  539  124.00000  142.35945  14.8%   497 1801s
 233466 150071  133.39149   38  703  124.00000  142.34479  14.8%   496 1811s
 235272 151275  128.89081   52  528  124.00000  142.33801  14.8%   497 1821s
 236884 152433  139.63515   44  791  124.00000  142.32328  14.8%   496 1830s
 238459 153707  128.88297   62  382  124.00000  142.30885  14.8%   496 1839s
 240367 155050  125.64724   90  515  124.00000  142.30010  14.8%   496 1848s
 242055 156472  137.68792   52  892  124.00000  142.29150  14.8%   496 1858s
 243801 157705  125.48418   96  552  124.00000  142.28165  14.7%   496 1867s
 245354 158947  130.66813   72  613  124.00000  142.27380  14.7%   496 1876s
 246989 160157  139.25062   38  937  124.00000  142.25703  14.7%   496 1884s
 248629 161327  136.43256   36  748  124.00000  142.24544  14.7%   496 1895s
 250187 162416  140.13242   42  868  124.00000  142.23902  14.7%   496 1903s
 251718 163582  137.42065   37  718  124.00000  142.22206  14.7%   496 1912s
 253322 164962  136.43080   53  725  124.00000  142.20586  14.7%   496 1923s
 255138 166418  139.59626   34  923  124.00000  142.19342  14.7%   496 1935s
 257003 167694  137.75546   56  790  124.00000  142.18581  14.7%   496 1945s
 258717 168831  126.04118   74  633  124.00000  142.17667  14.7%   496 1954s
 260318 170111  134.99842   57  666  124.00000  142.15369  14.6%   495 1966s
 261943 171278  125.40208   72  329  124.00000  142.14518  14.6%   495 1975s
 263479 172428  134.27162   64  848  124.00000  142.13083  14.6%   495 1984s
 265023 173672  132.02786   52  535  124.00000  142.12430  14.6%   495 1996s
 266671 174946  134.02248   54  645  124.00000  142.11582  14.6%   496 2006s
 268292 176009  126.37047   73  686  124.00000  142.10018  14.6%   495 2015s
 269564 176115  133.09743   62  619  124.00000  142.09540  14.6%   495 2026s
 269694 176319  132.87746   63  631  124.00000  142.09540  14.6%   495 2035s
 269991 177822  132.39858   64  598  124.00000  142.09529  14.6%   495 2046s
 271829 179137  126.02455   71  504  124.00000  142.08198  14.6%   494 2056s
 273496 180461     cutoff   57       124.00000  142.07018  14.6%   495 2069s
 275311 181788  133.37155   45  640  124.00000  142.06039  14.6%   494 2079s
 277084 182343  137.75617   51  919  124.00000  142.05168  14.6%   494 2090s
 277940 185009  136.84618   52  848  124.00000  142.05168  14.6%   494 2112s
 281520 186432  136.27506   48  737  124.00000  142.01928  14.5%   494 2123s
 283490 187894     cutoff   68       124.00000  142.00567  14.5%   494 2136s
 285339 189187  137.85211   44  827  124.00000  141.99285  14.5%   494 2146s
 287046 190489  133.27736   65  696  124.00000  141.98557  14.5%   494 2156s
 288708 191700  134.49431   38  621  124.00000  141.97810  14.5%   494 2168s
 290572 193040  136.18136   55  751  124.00000  141.97047  14.5%   493 2178s
 292267 194231  128.21481   92  543  124.00000  141.95856  14.5%   493 2188s
 293999 195421  138.61049   37  834  124.00000  141.94753  14.5%   493 2200s
 295577 196725  126.37698   85  722  124.00000  141.93994  14.5%   493 2209s
 297264 197820  140.55916   54  975  124.00000  141.92541  14.5%   492 2219s
 298817 199305  126.58491   66  377  124.00000  141.91715  14.4%   493 2232s
 300621 200646  137.10936   56  872  124.00000  141.90839  14.4%   492 2242s
 302635 201702  136.22274   48  773  124.00000  141.89913  14.4%   492 2251s
 304087 202926     cutoff   62       124.00000  141.89116  14.4%   492 2259s
 305707 204120  139.07236   44  831  124.00000  141.88432  14.4%   492 2271s
 307231 205388  125.37582   87  443  124.00000  141.87136  14.4%   492 2280s
 308806 206597  137.71383   41  760  124.00000  141.86368  14.4%   492 2289s
 310324 207847  137.53522   45  637  124.00000  141.85494  14.4%   492 2298s
 311876 209145  137.82210   53  742  124.00000  141.84414  14.4%   491 2310s
 313485 210438     cutoff   86       124.00000  141.83420  14.4%   491 2319s
 315097 211364  136.31398   51  722  124.00000  141.82642  14.4%   491 2328s
 316364 212464  134.85641   53  593  124.00000  141.81395  14.4%   491 2340s
 318004 213554  131.81720   49  498  124.00000  141.80463  14.4%   491 2349s
 319571 215115  128.97713   80  634  124.00000  141.79442  14.4%   491 2360s
 321502 216367  131.84927   73  758  124.00000  141.78438  14.3%   491 2371s
 323092 217353  137.44311   44  663  124.00000  141.77741  14.3%   490 2381s
 324586 218426  138.20476   46  670  124.00000  141.76619  14.3%   491 2390s
 326155 219737  133.88532   54  698  124.00000  141.75733  14.3%   491 2399s
 327809 221018  135.31605   52  665  124.00000  141.74912  14.3%   490 2411s
 329516 222305  139.14141   42  860  124.00000  141.73828  14.3%   491 2420s
 331203 223648  128.77871   66  687  124.00000  141.73198  14.3%   491 2429s
 332890 224855  131.96529   60  711  124.00000  141.72372  14.3%   490 2441s
 334414 225243  138.93873   41  829  124.00000  141.71596  14.3%   490 2450s
 334912 226489  136.60977   41  726  124.00000  141.71596  14.3%   490 2459s
 336532 227853  136.43007   60  922  124.00000  141.70906  14.3%   490 2468s
 338246 229054  134.46473   48  658  124.00000  141.69571  14.3%   490 2481s
 339885 230360  136.54069   49  878  124.00000  141.68839  14.3%   490 2490s
 341511 231860  134.76164   60  697  124.00000  141.67766  14.3%   490 2501s
 343412 233127  126.20274   58  309  124.00000  141.67075  14.3%   490 2513s
 345021 234410  138.15039   45  857  124.00000  141.66655  14.2%   490 2522s
 346672 234975  132.64839   57  865  124.00000  141.65421  14.2%   490 2531s
 347376 236199  132.52328   58  845  124.00000  141.65421  14.2%   490 2544s
 349023 237466  135.58376   62  818  124.00000  141.64853  14.2%   490 2554s
 350741 238725  134.30833   50  620  124.00000  141.63748  14.2%   489 2564s
 352419 239983  129.29769   64  633  124.00000  141.63079  14.2%   490 2576s
 354123 241351  126.50790   82  569  124.00000  141.61960  14.2%   489 2586s
 355852 242740  136.88586   47  943  124.00000  141.61408  14.2%   489 2595s
 357548 244089  128.99575   56  426  124.00000  141.60658  14.2%   489 2605s
 359257 245340  136.57843   36  700  124.00000  141.59227  14.2%   489 2617s
 360953 246776  130.78478   70  455  124.00000  141.58652  14.2%   489 2626s
 362747 248057  138.42440   42  834  124.00000  141.57759  14.2%   488 2637s
 364505 249280  134.00756   55  688  124.00000  141.57208  14.2%   489 2649s
 366186 250524  137.99205   46  723  124.00000  141.56199  14.2%   489 2659s
 367824 251893  139.36453   61  934  124.00000  141.55438  14.2%   489 2668s
 369579 253141  138.06609   51  862  124.00000  141.54790  14.2%   488 2680s
 371176 254383  138.92008   43  821  124.00000  141.53863  14.1%   488 2690s
 372891 255712  135.14480   42  665  124.00000  141.53130  14.1%   488 2699s
 374612 256878  137.21345   54  919  124.00000  141.52521  14.1%   488 2708s
 376140 257903  136.31408   42  771  124.00000  141.51533  14.1%   488 2720s
 377591 259205  127.26478   79  428  124.00000  141.51189  14.1%   488 2730s
 379290 260455  136.23838   50  674  124.00000  141.49880  14.1%   488 2739s
 380886 261750  133.31325   58  592  124.00000  141.49577  14.1%   488 2751s
 382617 262903     cutoff   79       124.00000  141.48378  14.1%   488 2760s
 384151 264333  138.87822   45 1080  124.00000  141.47537  14.1%   488 2770s
 385962 265588  137.96714   42  729  124.00000  141.46690  14.1%   487 2780s
 387598 266769  130.45186   68  638  124.00000  141.45789  14.1%   487 2792s
 389239 268033  137.02448   39  683  124.00000  141.45166  14.1%   487 2801s
 390943 269201  132.73789   53  561  124.00000  141.44037  14.1%   487 2811s
 392459 270361  128.89570   61  658  124.00000  141.43684  14.1%   488 2822s
 394017 271656  138.86628   58  807  124.00000  141.42964  14.1%   488 2832s
 395687 272969  134.94476   42  775  124.00000  141.42146  14.0%   488 2841s
 397326 273147  134.89249   69  816  124.00000  141.41394  14.0%   488 2852s
 397534 274408  132.45907   79  701  124.00000  141.41394  14.0%   487 2861s
 399073 275761  129.45007   84  619  124.00000  141.40939  14.0%   487 2871s
 400853 277018  136.29523   44  751  124.00000  141.40276  14.0%   487 2881s
 402513 278368  135.88618   49  700  124.00000  141.39176  14.0%   487 2893s
 404217 279437  130.36281   54  620  124.00000  141.38558  14.0%   487 2903s
 405599 280889  136.84445   44  734  124.00000  141.38167  14.0%   487 2913s
 407447 282078  131.93223   66  649  124.00000  141.37368  14.0%   487 2925s
 409038 283140  138.79460   46  827  124.00000  141.36759  14.0%   487 2934s
 410630 284112  136.70091   53  778  124.00000  141.36111  14.0%   486 2943s
 412315 285362     cutoff   50       124.00000  141.35309  14.0%   486 2952s
 413953 286336  138.84837   51  786  124.00000  141.34920  14.0%   486 2963s
 415511 287626  133.67495   51  645  124.00000  141.34084  14.0%   486 2973s
 417221 288783  130.71141   74  592  124.00000  141.33236  14.0%   486 2982s
 418783 289991  137.37403   44  555  124.00000  141.32904  14.0%   486 2993s
 420463 291260  134.13580   63  838  124.00000  141.31598  14.0%   486 3002s
 422067 292398  128.64802   68  643  124.00000  141.31108  14.0%   485 3011s
 423742 293529  133.36171   60  628  124.00000  141.30160  14.0%   485 3020s
 425358 294696  129.40961   95  666  124.00000  141.29566  13.9%   485 3032s
 426935 296004     cutoff   61       124.00000  141.29068  13.9%   486 3043s
 428856 297016  128.62912   65  559  124.00000  141.28118  13.9%   485 3052s
 430328 298109  136.56841   54  728  124.00000  141.27583  13.9%   486 3063s
 431859 299264  135.57258   41  713  124.00000  141.26980  13.9%   486 3073s
 433353 300496  132.48747   45  553  124.00000  141.26443  13.9%   486 3082s
 435014 301635  129.88923   69  545  124.00000  141.25743  13.9%   486 3094s
 436628 302763  138.44500   38  781  124.00000  141.24987  13.9%   486 3103s
 438309 304023  138.48023   39  915  124.00000  141.24648  13.9%   486 3113s
 439917 305163  133.72135   53  670  124.00000  141.24200  13.9%   486 3123s
 441611 306423  139.49765   49  901  124.00000  141.23457  13.9%   485 3134s
 443174 307711     cutoff   70       124.00000  141.22854  13.9%   485 3144s
 444836 308962  138.92191   45  793  124.00000  141.22124  13.9%   485 3153s
 446365 310340  138.52610   43  771  124.00000  141.21607  13.9%   485 3164s
 448163 311735  135.90337   50  529  124.00000  141.21084  13.9%   485 3175s
 450004 312211  139.31579   45  952  124.00000  141.20324  13.9%   485 3184s
 450560 313661  130.65526   70  647  124.00000  141.20324  13.9%   485 3198s
 452354 315227  130.66141   66  603  124.00000  141.19438  13.9%   485 3209s
 454354 316529  138.66188   47  933  124.00000  141.18600  13.9%   484 3219s
 456131 317957  135.27320   52  731  124.00000  141.18145  13.9%   485 3232s
 457955 319357  125.24683   71  502  124.00000  141.17540  13.9%   484 3242s
 459826 320615     cutoff   70       124.00000  141.17149  13.8%   484 3251s
 461423 321858  136.98581   47  808  124.00000  141.16438  13.8%   484 3261s
 463114 323216  131.51322   58  732  124.00000  141.15804  13.8%   484 3273s
 464933 324396  137.26147   48  676  124.00000  141.15190  13.8%   484 3282s
 466705 325560  130.75750   42  570  124.00000  141.14584  13.8%   484 3292s
 468360 326789  131.22037   56  435  124.00000  141.13841  13.8%   484 3303s
 469953 327787  135.67565   53  784  124.00000  141.13260  13.8%   484 3315s
 471542 329091  131.80269   49  538  124.00000  141.12185  13.8%   484 3326s
 473372 330517  133.16840   60  755  124.00000  141.11567  13.8%   484 3337s
 475102 331848  135.13442   51  719  124.00000  141.11200  13.8%   484 3347s
 476795 333118  126.20297  100  588  124.00000  141.10627  13.8%   484 3357s
 478446 333497  133.93858   48  785  124.00000  141.10090  13.8%   484 3368s
 478908 334622  130.91488   54  595  124.00000  141.10090  13.8%   484 3378s
 480588 335835  131.67031   59  660  124.00000  141.09335  13.8%   484 3389s
 482315 337004  136.03359   49  877  124.00000  141.08949  13.8%   484 3399s
 484074 338324  133.76207   47  677  124.00000  141.08142  13.8%   484 3411s
 485861 339628  137.61107   47  765  124.00000  141.07518  13.8%   484 3421s
 487670 340799  135.50849   57  820  124.00000  141.07293  13.8%   484 3431s
 489222 342178  136.68579   44  777  124.00000  141.06788  13.8%   484 3443s
 490956 343609  125.48289   78  568  124.00000  141.06152  13.8%   484 3454s
 492771 344697  138.56429   43  852  124.00000  141.05524  13.8%   483 3464s
 494193 346081  138.02511   51  867  124.00000  141.04855  13.7%   483 3476s
 496035 347310  134.46339   45  847  124.00000  141.04404  13.7%   483 3486s
 497737 348558  125.61595   62  415  124.00000  141.03869  13.7%   483 3496s
 499392 349888  133.46779   50  535  124.00000  141.03233  13.7%   483 3507s
 501077 351202  134.55059   51  590  124.00000  141.03039  13.7%   483 3517s
 502754 352477  134.37560   57  727  124.00000  141.02401  13.7%   483 3526s
 504416 353443  138.88847   51  809  124.00000  141.01740  13.7%   483 3536s
 505827 354685  133.61042   61  730  124.00000  141.01099  13.7%   483 3546s
 507514 355981  129.54977   84  758  124.00000  141.00443  13.7%   482 3554s
 509256 357163  140.33548   39  872  124.00000  140.99829  13.7%   482 3561s
 510822 358457  128.45865   75  502  124.00000  140.99539  13.7%   482 3569s
 512487 359856  136.89826   44  896  124.00000  140.98694  13.7%   482 3581s
 514542 360934  134.66553   65  723  124.00000  140.97938  13.7%   482 3590s
 515951 362014  133.35164   71  731  124.00000  140.97366  13.7%   482 3598s
 517396 362159  130.14568   71  636  124.00000  140.96915  13.7%   482 3600s

Cutting planes:
  Gomory: 73
  Cover: 835
  Implied bound: 81
  Dual implied bound: 62
  Clique: 5
  MIR: 181
  StrongCG: 108
  Flow cover: 508
  GUB cover: 82
  Zero half: 32
  Mod-K: 62
  RLT: 359
  Relax-and-lift: 4
  BQP: 1

Explored 517597 nodes (249324924 simplex iterations) in 3600.01 seconds (7458.62 work units)
Thread count was 16 (of 16 available processors)

Solution count 2: 124 123 

Time limit reached
Best objective 1.240000000000e+02, best bound 1.400000000000e+02, gap 12.9032%
