
Gurobi 13.0.3 (linux64) logging started Sun Sep 13 10:44:38 2026

Set parameter LogFile to value "Logs/Gurobi/dags_050_s1.txt"
Gurobi Optimizer version 13.0.3 build v13.0.3rc0 (linux64 - "Ubuntu 24.04.4 LTS")

CPU model: AMD Ryzen 7 7700 8-Core Processor, instruction set [SSE2|AVX|AVX2|AVX512]
Thread count: 8 physical cores, 16 logical processors, using up to 16 threads

Non-default parameters:
TimeLimit  3600
LogToConsole  0

Academic license 2863599 - for non-commercial use only - registered to be___@usm.cl
Optimize a model with 10664 rows, 5987 columns and 23236 nonzeros (Max)
Model fingerprint: 0x2f0c2e02
Model has 5291 linear objective coefficients
Variable types: 5291 continuous, 696 integer (696 binary)
Coefficient statistics:
  Matrix range     [1e+00, 5e+01]
  Objective range  [1e+00, 6e+01]
  Bounds range     [1e+00, 1e+00]
  RHS range        [1e+00, 1e+00]

Warning: Completing partial solution with 646 unfixed non-continuous variables out of 696
User MIP start produced solution with objective 985 (0.00s)
Loaded user MIP start with objective 985

Presolve removed 27 rows and 15 columns
Presolve time: 0.03s
Presolved: 10637 rows, 5972 columns, 23132 nonzeros
Variable types: 5279 continuous, 693 integer (693 binary)

Root relaxation: objective 4.359569e+03, 11221 iterations, 0.42 seconds (0.97 work units)

    Nodes    |    Current Node    |     Objective Bounds      |     Work
 Expl Unexpl |  Obj  Depth IntInf | Incumbent    BestBd   Gap | It/Node Time

     0     0 4359.56883    0  363  985.00000 4359.56883   343%     -    0s
H    0     0                     997.0000000 4359.56883   337%     -    1s
     0     0 3296.68262    0  230  997.00000 3296.68262   231%     -    4s
H    0     0                    1004.0000000 1451.53051  44.6%     -    6s
H    0     0                    1009.0000000 1451.53051  43.9%     -    6s
     0     0 1451.53041    0  265 1009.00000 1451.53041  43.9%     -    6s
     0     0 1439.89451    0  267 1009.00000 1439.89451  42.7%     -    6s
     0     0 1436.50743    0  253 1009.00000 1436.50743  42.4%     -    6s
     0     0 1436.50743    0  253 1009.00000 1436.50743  42.4%     -    6s
     0     0 1344.79575    0  230 1009.00000 1344.79575  33.3%     -    7s
     0     0 1329.13516    0  249 1009.00000 1329.13516  31.7%     -    7s
     0     0 1328.48829    0  246 1009.00000 1328.48829  31.7%     -    7s
     0     0 1303.30588    0  261 1009.00000 1303.30588  29.2%     -    8s
H    0     0                    1010.0000000 1303.29891  29.0%     -    8s
H    0     0                    1011.0000000 1303.29891  28.9%     -    8s
H    0     0                    1012.0000000 1303.29891  28.8%     -    8s
     0     0 1293.94146    0  223 1012.00000 1293.94146  27.9%     -    8s
H    0     0                    1067.0000000 1290.95866  21.0%     -    8s
     0     0 1290.95866    0  251 1067.00000 1290.95866  21.0%     -    8s
     0     0 1290.72807    0  275 1067.00000 1290.72807  21.0%     -    8s
     0     0 1288.34002    0  265 1067.00000 1288.34002  20.7%     -    9s
     0     0 1288.33959    0  265 1067.00000 1288.33959  20.7%     -    9s
     0     0 1288.33959    0  260 1067.00000 1288.33959  20.7%     -    9s
H    0     0                    1068.0000000 1288.33959  20.6%     -    9s
     0     2 1288.33959    0  260 1068.00000 1288.33959  20.6%     -    9s
     1     4 1287.25794    1  264 1068.00000 1288.33769  20.6%   545   10s
H   42    48                    1070.0000000 1286.64452  20.2%   733   11s
H   48    58                    1074.0000000 1286.64452  19.8%   750   12s
H   53    58                    1088.0000000 1286.64452  18.3%   755   12s
H   63    69                    1098.0000000 1286.64452  17.2%   782   12s
H   66    69                    1103.0000000 1286.64452  16.6%   776   12s
H   75    82                    1105.0000000 1286.64452  16.4%   746   12s
   138   159 1271.99222   20  267 1105.00000 1286.64452  16.4%   677   15s
   396   421 1239.23743   65  149 1105.00000 1286.64452  16.4%   472   20s
   799   804 1252.94416    8  197 1105.00000 1286.64452  16.4%   372   25s
  1338  1397 1194.31598   44  133 1105.00000 1286.64452  16.4%   334   30s
  1691  1594 1198.44491   72  260 1105.00000 1285.13858  16.3%   321   37s
  1693  1595 1228.69180   25  363 1105.00000 1280.23948  15.9%   320   50s
  1695  1597 1140.84589   57  277 1105.00000 1279.08526  15.8%   320   55s
  1700  1600 1249.68145   51  265 1105.00000 1273.37606  15.2%   319   60s
  1706  1604 1155.93997  108  336 1105.00000 1271.79537  15.1%   318   65s
  1711  1607 1188.49079   77  316 1105.00000 1268.59655  14.8%   317   70s
  1716  1611 1139.46811   85  361 1105.00000 1262.85022  14.3%   316   75s
  1727  1618 1138.64042   92  412 1105.00000 1262.60761  14.3%   314   81s
  1735  1623 1244.25873   21  480 1105.00000 1260.25848  14.1%   313   85s
  1741  1627 1158.15940   59  456 1105.00000 1257.76783  13.8%   312   91s
  1745  1630 1168.42280   74  464 1105.00000 1256.01910  13.7%   311   95s
  1753  1635 1254.88819   14  482 1105.00000 1254.88819  13.6%   309  100s
  1765  1643 1133.74931   94  505 1105.00000 1252.73001  13.4%   307  106s
  1773  1649 1145.32760  114  503 1105.00000 1252.53678  13.4%   306  110s
  1780  1654 1187.29532   61  363 1105.00000 1252.53142  13.4%   366  118s
  1781  1655 1235.66336   29  258 1105.00000 1252.53142  13.4%   366  122s
  1783  1656 1131.67204   97  275 1105.00000 1252.53142  13.4%   365  125s
  1787  1659 1148.37601   75  458 1105.00000 1252.53142  13.4%   364  130s
  1792  1662 1170.74407   19  498 1105.00000 1252.53142  13.4%   363  136s
  1793  1663 1228.69180   25  506 1105.00000 1252.53142  13.4%   363  142s
  1797  1666 1252.53142   25  482 1105.00000 1252.53142  13.4%   362  145s
  1809  1674 1252.53142   13  504 1105.00000 1252.53142  13.4%   360  150s
  1820  1681 1226.19661   20  507 1105.00000 1252.53142  13.4%   358  155s
  1824  1687 1252.53142   25  492 1105.00000 1252.53142  13.4%   407  162s
  1830  1697 1252.53142   27  457 1105.00000 1252.53142  13.4%   418  166s
  1838  1702 1252.53142   28  491 1105.00000 1252.53142  13.4%   430  170s
  1865  1732 1231.51755   30  475 1105.00000 1252.53142  13.4%   468  175s
  1905  1756 1218.24341   32  371 1105.00000 1252.53142  13.4%   505  180s
  1978  1810 1213.38774   36  355 1105.00000 1252.53142  13.4%   565  186s
  2042  1850 1202.98437   40  337 1105.00000 1252.53142  13.4%   596  190s
  2104  1887 1201.10140   43  308 1105.00000 1252.53142  13.4%   630  195s
  2207  1968 1198.65993   47  322 1105.00000 1252.53142  13.4%   665  200s
  2372  2094 1186.02714   52  278 1105.00000 1252.53142  13.4%   687  205s
  2562  2184 1180.31167   58  204 1105.00000 1252.53142  13.4%   695  211s
  2690  2257 1178.28400   63  210 1105.00000 1252.53142  13.4%   694  215s
  2871  2310 1167.91298   70  196 1105.00000 1252.53142  13.4%   702  222s
  2995  2323 1161.12698   80  167 1105.00000 1252.53142  13.4%   710  226s
  3051  2396 1110.62661   81  136 1105.00000 1252.53142  13.4%   721  231s
  3149  2500 1148.69046   82  135 1105.00000 1252.53142  13.4%   730  236s
  3343  2646 1152.16398   85  184 1105.00000 1252.53142  13.4%   727  240s
  3665  2836 1114.94211  124   75 1105.00000 1252.53142  13.4%   712  246s
  3967  2910 1177.88547   45  236 1105.00000 1252.19476  13.3%   697  252s
  4089  3001 1159.15833   52  187 1105.00000 1252.19476  13.3%   696  255s
  4401  3162 1236.92341   33  345 1105.00000 1252.19476  13.3%   694  262s
  4557  3286 1225.16561   50  283 1105.00000 1252.19476  13.3%   697  266s
  4751  3317 1201.18584   54  256 1105.00000 1252.19476  13.3%   691  270s
  5055  3551 1166.13813   68  117 1105.00000 1252.19476  13.3%   691  276s
  5307  3559 1108.60888  105   44 1105.00000 1251.37872  13.2%   685  280s
  5555  3722 1208.64745   59  218 1105.00000 1251.37872  13.2%   698  288s
  5746  3813 1130.96809   80  155 1105.00000 1251.37872  13.2%   703  292s
  5934  3915 1208.25268   37  308 1105.00000 1251.37872  13.2%   702  296s
  6122  3987 1206.63646   38  262 1105.00000 1251.37872  13.2%   708  300s
  6275  4168 1186.55895   43  249 1105.00000 1251.37872  13.2%   717  305s
  6796  4439 1229.59304   45  295 1105.00000 1248.58739  13.0%   722  314s
  7082  4616 1201.87087   68  215 1105.00000 1248.58739  13.0%   714  318s
  7316  4803 1229.29960   32  342 1105.00000 1248.58739  13.0%   719  324s
  7531  5060 1189.25947   51  227 1105.00000 1248.58739  13.0%   731  328s
  7841  5288 1228.78273   39  367 1105.00000 1248.58739  13.0%   732  333s
  8126  5620 1199.95436   50  263 1105.00000 1248.58739  13.0%   735  340s
  8537  5804 1238.56486   48  328 1105.00000 1246.35591  12.8%   731  346s
  8774  5946 1137.99797   78  169 1105.00000 1246.35591  12.8%   735  352s
  8952  6092 1143.53336   57  224 1105.00000 1244.98598  12.7%   748  358s
  9178  6151 1234.00578   43  387 1105.00000 1244.14832  12.6%   757  363s
  9263  6465 1224.67506   49  390 1105.00000 1244.14832  12.6%   761  370s
  9610  6703 1162.47306   83  293 1105.00000 1244.14832  12.6%   761  376s
  9927  6963 1207.63905   52  332 1105.00000 1244.14832  12.6%   762  383s
 10281  7210 1213.38667   38  347 1105.00000 1242.22586  12.4%   764  391s
 10606  7456 1204.45556   39  343 1105.00000 1242.04039  12.4%   772  398s
 10886  7884 1149.79872   57  191 1105.00000 1242.04039  12.4%   782  406s
 11439  8114 1128.01641   53  268 1105.00000 1242.04039  12.4%   780  414s
 11783  8408 1158.80795   56  264 1105.00000 1240.49949  12.3%   785  423s
 12193  8744 1168.63415   64  259 1105.00000 1240.14184  12.2%   789  431s
 12616  9119 1193.60801   50  298 1105.00000 1239.87106  12.2%   791  440s
 13064  9441 1218.73752   36  328 1105.00000 1239.48262  12.2%   795  450s
 13484  9733 1227.01728   44  336 1105.00000 1239.31827  12.2%   801  462s
 13824 10140     cutoff   83      1105.00000 1239.31827  12.2%   803  471s
 14458 10674 1217.92414   45  345 1105.00000 1238.84374  12.1%   799  483s
 15131 11155 1206.38159   47  298 1105.00000 1238.52737  12.1%   798  492s
 15730 11517 1108.94333  100  288 1105.00000 1238.39888  12.1%   796  501s
 16178 12018 1141.92435   80  314 1105.00000 1237.92115  12.0%   800  511s
 16804 12394 1150.91666   66  253 1105.00000 1237.83205  12.0%   798  521s
 17396 12725 1126.86166   64  224 1105.00000 1237.41024  12.0%   799  532s
 17833 13090 1208.08867   58  301 1105.00000 1237.18203  12.0%   808  543s
 18422 13597 1136.24660   74  196 1105.00000 1236.94360  11.9%   813  556s
 19056 14128 1202.71774   59  299 1105.00000 1236.59769  11.9%   815  568s
 19680 14675 1182.07690   50  288 1105.00000 1236.29654  11.9%   819  581s
 20353 15260 1194.13639   65  289 1105.00000 1236.05121  11.9%   821  595s
 21071 15948 1139.06642   76  276 1105.00000 1235.74327  11.8%   824  610s
 21990 16649 1205.73901   35  387 1105.00000 1235.18760  11.8%   827  625s
 22886 17225 1168.26609   55  212 1105.00000 1235.00054  11.8%   826  640s
 23589 17809 1184.69228   55  278 1105.00000 1234.80056  11.7%   830  655s
 24374 18467 1172.00447   48  263 1105.00000 1234.41618  11.7%   832  670s
 25195 19314 1179.78880   75  286 1105.00000 1234.13059  11.7%   832  685s
 26277 19994 1221.01612   60  307 1105.00000 1233.81059  11.7%   829  699s
 27183 20463 1186.54035   53  310 1105.00000 1233.42802  11.6%   828  714s
 27912 21012 1205.44736   62  307 1105.00000 1233.16067  11.6%   833  729s
 28613 21433 1197.83827   42  289 1105.00000 1232.90149  11.6%   834  744s
 29100 21434 1191.68703   86  260 1105.00000 1232.80697  11.6%   837  841s
 29102 21435 1161.92289   58  363 1105.00000 1232.80697  11.6%   837  897s
 29103 21436 1171.00683   66  241 1105.00000 1232.80697  11.6%   837  900s
 29109 21440 1115.23589   98  225 1105.00000 1232.80697  11.6%   837  908s
 29112 21442 1143.77028   66  342 1105.00000 1232.80697  11.6%   837  910s
 29116 21445 1121.47206   68  348 1105.00000 1232.80697  11.6%   837  915s
 29117 21445 1117.28521  103  321 1105.00000 1232.80697  11.6%   837  920s
 29124 21450 1115.67684   95  446 1105.00000 1232.80697  11.6%   836  931s
 29125 21451 1197.23889   65  438 1105.00000 1232.80697  11.6%   836  937s
 29129 21453 1120.46269   64  405 1105.00000 1232.80697  11.6%   836  944s
 29130 21454 1118.28193   96  459 1105.00000 1232.80697  11.6%   836  951s
 29135 21457 1181.62962   45  448 1105.00000 1232.80697  11.6%   836  960s
 29136 21458 1215.13756   54  450 1105.00000 1232.80697  11.6%   836  968s
 29137 21459 1142.06936   76  459 1105.00000 1232.80697  11.6%   836  970s
 29140 21461 1118.12510   82  479 1105.00000 1232.80697  11.6%   836  978s
 29141 21461 1181.72630   61  481 1105.00000 1232.80697  11.6%   836  987s
 29144 21463 1197.89532   64  481 1105.00000 1232.80697  11.6%   836  996s
 29145 21464 1146.76492   50  487 1105.00000 1232.80697  11.6%   836 1004s
 29146 21465 1129.69733   69  501 1105.00000 1232.80697  11.6%   836 1006s
 29148 21466 1193.19425   54  499 1105.00000 1232.80697  11.6%   836 1014s
 29149 21467 1132.87694  109  495 1105.00000 1232.80697  11.6%   836 1023s
 29151 21468 1156.23420  101  494 1105.00000 1232.80697  11.6%   836 1025s
 29152 21469 1126.75638   64  493 1105.00000 1232.80697  11.6%   836 1033s
 29153 21469 1150.72511   72  493 1105.00000 1232.80697  11.6%   836 1042s
 29156 21471 1116.79358   89  480 1105.00000 1232.80697  11.6%   836 1051s
 29157 21472 1117.48285   88  480 1105.00000 1232.80697  11.6%   836 1058s
 29158 21473 1196.19718   39  484 1105.00000 1232.80697  11.6%   835 1060s
 29161 21475 1128.77001   98  482 1105.00000 1232.80697  11.6%   835 1068s
 29162 21475 1224.28045   57  477 1105.00000 1232.80697  11.6%   835 1076s
 29165 21477 1171.83892   62  506 1105.00000 1232.80697  11.6%   835 1086s
 29166 21478 1211.32247   52  492 1105.00000 1232.80697  11.6%   835 1094s
 29167 21479 1219.57240   42  496 1105.00000 1232.80697  11.6%   835 1096s
 29169 21480 1159.08338   48  506 1105.00000 1232.80697  11.6%   835 1104s
 29170 21481 1113.78666   88  500 1105.00000 1232.80697  11.6%   835 1112s
 29173 21483 1225.55237   56  505 1105.00000 1232.80697  11.6%   835 1122s
 29174 21483 1146.83885   78  504 1105.00000 1232.80697  11.6%   835 1128s
 29175 21484 1189.85970   62  507 1105.00000 1232.80697  11.6%   835 1138s
 29176 21485 1204.99515   42  503 1105.00000 1232.80697  11.6%   835 1146s
 29177 21485 1189.92925   52  502 1105.00000 1232.80697  11.6%   835 1155s
 29178 21486 1109.85629   68  503 1105.00000 1232.80697  11.6%   835 1162s
 29179 21487 1137.63854   85  505 1105.00000 1232.62508  11.5%   835 1171s
 29180 21487 1145.06608   53  509 1105.00000 1232.62508  11.5%   835 1179s
 29181 21488 1206.20878   37  507 1105.00000 1231.95987  11.5%   835 1189s
 29182 21489 1126.21922   68  504 1105.00000 1231.95987  11.5%   835 1196s
 29183 21489 1186.06266   65  505 1105.00000 1231.79598  11.5%   835 1205s
 29184 21490 1211.55841   41  508 1105.00000 1231.79598  11.5%   835 1213s
 29185 21491 1198.77661   60  509 1105.00000 1231.34327  11.4%   835 1223s
 29186 21491 1131.65124   46  508 1105.00000 1231.34327  11.4%   835 1230s
 29187 21492 1187.73886   67  507 1105.00000 1230.84106  11.4%   835 1239s
 29188 21493 1133.37074   50  507 1105.00000 1230.45797  11.4%   835 1258s
 29189 21493 1147.98791   80  507 1105.00000 1230.45797  11.4%   835 1264s
 29190 21494 1185.52320   52  507 1105.00000 1230.45797  11.4%   835 1278s
 29191 21498 1230.45797   37  476 1105.00000 1230.45797  11.4%   839 1281s
 29197 21508 1230.45797   39  455 1105.00000 1230.45797  11.4%   840 1288s
 29205 21513 1230.45797   40  468 1105.00000 1230.45797  11.4%   841 1292s
 29213 21537 1230.45797   41  503 1105.00000 1230.45797  11.4%   843 1296s
 29257 21552 1230.45797   44  504 1105.00000 1230.45797  11.4%   845 1300s
 29308 21591 1223.03074   47  376 1105.00000 1230.45797  11.4%   849 1306s
 29333 21601 1215.76414   48  372 1105.00000 1230.45797  11.4%   850 1310s
 29361 21633 1215.34379   49  379 1105.00000 1230.45797  11.4%   852 1315s
 29453 21695 1200.43512   55  247 1105.00000 1230.45797  11.4%   853 1320s
 29545 21747 1169.64829   60  191 1105.00000 1230.45797  11.4%   854 1326s
 29574 21772 1168.47460   62  185 1105.00000 1230.45797  11.4%   855 1330s
 29675 21850 1144.00201   72  149 1105.00000 1230.45797  11.4%   857 1335s
 29845 21930 1111.73755   91   98 1105.00000 1230.45797  11.4%   856 1342s
 29915 21932 1230.45797   41  384 1105.00000 1230.45797  11.4%   856 1345s
 29971 21941 1230.45797   43  371 1105.00000 1230.45797  11.4%   858 1350s
 30004 21977 1227.18850   47  316 1105.00000 1230.45797  11.4%   859 1356s
 30065 22004 1225.74660   50  335 1105.00000 1230.45797  11.4%   859 1361s
 30136 22057 1209.46486   52  285 1105.00000 1230.45797  11.4%   861 1367s
 30188 22086 1208.77902   59  303 1105.00000 1230.45797  11.4%   862 1370s
 30285 22186 1202.39126   60  281 1105.00000 1230.45797  11.4%   864 1375s
 30461 22298 1193.02581   62  237 1105.00000 1230.45797  11.4%   865 1381s
 30608 22391 1166.56324   66  206 1105.00000 1230.45797  11.4%   866 1387s
 30713 22487 1131.82106   70  213 1105.00000 1230.45797  11.4%   865 1390s
 31007 22567 1228.26282   46  399 1105.00000 1230.45797  11.4%   864 1398s
 31110 22655 1223.23572   55  344 1105.00000 1230.45797  11.4%   864 1402s
 31257 22731 1197.35505   62  278 1105.00000 1230.45797  11.4%   864 1407s
 31420 22800 1169.14673   76  220 1105.00000 1230.45797  11.4%   863 1410s
 31720 22914 1230.45797   49  453 1105.00000 1230.45797  11.4%   863 1419s
 31823 22976 1225.67766   55  451 1105.00000 1230.45797  11.4%   864 1424s
 31937 23064 1214.42468   61  348 1105.00000 1230.45797  11.4%   866 1429s
 32090 23158 1168.20210   69  248 1105.00000 1230.45797  11.4%   866 1435s
 32394 23267 1214.69664   61  378 1105.00000 1230.45797  11.4%   868 1443s
 32530 23432 1190.47585   77  256 1105.00000 1230.45797  11.4%   869 1448s
 32790 23421     cutoff  129      1105.00000 1230.45797  11.4%   868 1453s
 32899 23437 1131.18345   56  251 1105.00000 1230.45797  11.4%   871 1459s
 32958 23583 1208.42770   52  371 1105.00000 1230.45797  11.4%   873 1467s
 33162 23607 1138.62467   66  319 1105.00000 1230.45797  11.4%   874 1473s
 33336 23685 1230.45797   50  384 1105.00000 1230.45797  11.4%   876 1479s
 33492 23815 1211.97409   65  300 1105.00000 1230.45797  11.4%   878 1486s
 33680 23897 1155.13703   90  243 1105.00000 1230.45797  11.4%   880 1492s
 33871 24017 1217.70606   45  348 1105.00000 1230.45797  11.4%   882 1499s
 34104 24165 1172.45837   67  325 1105.00000 1230.45797  11.4%   883 1506s
 34392 24204 1228.33261   42  378 1105.00000 1230.45797  11.4%   884 1515s
 34583 24353 1169.56534   49  226 1105.00000 1230.45797  11.4%   887 1522s
 34860 24433 1205.70357   46  374 1105.00000 1230.45797  11.4%   889 1530s
 35126 24504 1162.88471   68  315 1105.00000 1230.45797  11.4%   890 1537s
 35318 24695 1230.45797   52  371 1105.00000 1230.45797  11.4%   894 1547s
 35597 24906 1128.66413   83  214 1105.00000 1230.45797  11.4%   896 1556s
 35965 25134 1209.85332   59  366 1105.00000 1230.45797  11.4%   896 1567s
 36394 25251 1168.46767   84  298 1105.00000 1230.45797  11.4%   895 1577s
 36721 25416 1209.90366   52  370 1105.00000 1230.45797  11.4%   897 1589s
 37112 25470 1200.65304   44  334 1105.00000 1230.45797  11.4%   898 1599s
 37351 25640 1198.73118   48  368 1105.00000 1230.45797  11.4%   902 1613s
 37693 25793 1175.41392   61  311 1105.00000 1230.45797  11.4%   905 1624s
 38029 25941 1197.68013   48  290 1105.00000 1230.45797  11.4%   908 1635s
 38368 26260 1211.14894   60  336 1105.00000 1230.45797  11.4%   912 1646s
 38864 26420 1203.97064   59  278 1105.00000 1230.45797  11.4%   912 1658s
 39260 26690 1185.44831   52  268 1105.00000 1230.45797  11.4%   913 1673s
 39763 26875 1137.33400   66  268 1105.00000 1230.45797  11.4%   915 1686s
 40238 27126 1145.24791   82  300 1105.00000 1230.45797  11.4%   918 1700s
 40744 27450 1173.38999   79  305 1105.00000 1230.45797  11.4%   921 1715s
 41328 27574 1140.87614   68  237 1105.00000 1230.45797  11.4%   922 1729s
 41752 27994 1157.20016   57  237 1105.00000 1230.45797  11.4%   928 1745s
 42478 28474 1160.40840   60  292 1105.00000 1230.45797  11.4%   930 1761s
 43385 28562 1205.91584   51  353 1105.00000 1230.45797  11.4%   928 1778s
 43954 28944 1113.45110   68  253 1105.00000 1230.45797  11.4%   932 1796s
 44650 29330 1191.15995   66  282 1105.00000 1230.45797  11.4%   934 1813s
 45390 29622 1202.82224   56  277 1105.00000 1230.45797  11.4%   933 1830s
 46030 29998 1206.91070   59  355 1105.00000 1230.45797  11.4%   936 1846s
 46708 30237 1188.59204   63  281 1105.00000 1230.45797  11.4%   937 1863s
 47260 30803 1182.66435   57  267 1105.00000 1230.45797  11.4%   941 1883s
 48183 31101 1219.86345   47  410 1105.00000 1230.45797  11.4%   940 1903s
 48960 31719 1212.83657   60  220 1105.00000 1230.36640  11.3%   942 1924s
 50081 32020 1188.96220   60  298 1105.00000 1229.89047  11.3%   940 1944s
 50896 32172 1148.46680   47  327 1105.00000 1229.57006  11.3%   939 1963s
 51526 32575 1109.43870   74  278 1105.00000 1229.20880  11.2%   943 1982s
 52339 32917 1210.69989   60  335 1105.00000 1228.68366  11.2%   944 2001s
 53133 33228 1202.63636   43  325 1105.00000 1228.34731  11.2%   945 2021s
 53853 33502 1186.97666   57  304 1105.00000 1228.05562  11.1%   947 2040s
 54566 33807 1146.77972   83  198 1105.00000 1227.87351  11.1%   950 2060s
 55216 34195 1193.44266   55  367 1105.00000 1227.87351  11.1%   952 2079s
 55990 34491 1165.08216   67  232 1105.00000 1227.17652  11.1%   953 2099s
 56647 34922 1208.54963   44  378 1105.00000 1227.15177  11.1%   953 2120s
 57439 35324 1172.64033   72  309 1105.00000 1226.69608  11.0%   955 2141s
 58273 35634 1157.23912   65  225 1105.00000 1226.44280  11.0%   957 2162s
 59013 36002 1199.24049   46  310 1105.00000 1226.15525  11.0%   959 2183s
 59742 36424 1164.37095   77  338 1105.00000 1225.80411  10.9%   962 2207s
 60568 36548 1135.69597   78  215 1105.00000 1225.34671  10.9%   964 2231s
 61063 37141 1174.42327   49  319 1105.00000 1225.13757  10.9%   964 2259s
 62045 37533 1146.46516   88  292 1105.00000 1224.80108  10.8%   967 2284s
 62927 38053 1126.64805   60  249 1105.00000 1224.54075  10.8%   968 2311s
 64003 38333 1204.08151   52  407 1105.00000 1224.21729  10.8%   969 2336s
 64801 38692 1182.45299   60  374 1105.00000 1224.12617  10.8%   972 2360s
 65554 39167 1157.17981   65  258 1105.00000 1224.12617  10.8%   973 2386s
 66475 39579 1156.91992   64  197 1105.00000 1224.12617  10.8%   975 2410s
 67477 39410 1135.15908   77  213 1105.00000 1223.14742  10.7%   976 2434s
 67698 39688 1204.79061   53  347 1105.00000 1223.14742  10.7%   975 2459s
 68153 40120 1184.26015   53  333 1105.00000 1223.14742  10.7%   976 2484s
 68961 40492 1147.50705   87  228 1105.00000 1222.92739  10.7%   977 2509s
 69843 40764 1158.60748   90  236 1105.00000 1222.54849  10.6%   978 2534s
 70696 41020 1185.97544   57  341 1105.00000 1222.06426  10.6%   980 2559s
 71516 41553 1202.52169   68  328 1105.00000 1221.67184  10.6%   982 2585s
 72562 41940 1194.95617   49  319 1105.00000 1221.55623  10.5%   983 2609s
 73538 42287 1127.43033   81  222 1105.00000 1221.27143  10.5%   984 2632s
 74470 42496 1124.26704   93  224 1105.00000 1221.07730  10.5%   984 2652s
 75184 42877 1116.95154   99  228 1105.00000 1220.77646  10.5%   986 2673s
 75983 43204     cutoff   91      1105.00000 1220.60685  10.5%   987 2694s
 76800 43474 1201.15769   55  334 1105.00000 1220.56481  10.5%   988 2715s
 77589 43875 1123.37121   91  259 1105.00000 1220.31969  10.4%   990 2737s
 78492 44382 1157.94340   85  156 1105.00000 1220.06645  10.4%   990 2758s
 79462 44622 1193.00396   86  328 1105.00000 1219.93132  10.4%   989 2778s
 80248 45239 1130.89173   78  210 1105.00000 1219.76242  10.4%   990 2798s
 81384 45558 1157.47344   77  247 1105.00000 1219.43628  10.4%   988 2818s
 82235 45881 1190.33373   52  288 1105.00000 1219.36459  10.3%   988 2838s
 82988 46216     cutoff  107      1105.00000 1219.16920  10.3%   989 2857s
 83695 46437 1182.12891   58  293 1105.00000 1218.99890  10.3%   990 2878s
 84275 46781 1114.03248   78  262 1105.00000 1218.89724  10.3%   991 2898s
 85001 47166 1164.64847   72  302 1105.00000 1218.78886  10.3%   992 2918s
 85806 47403 1114.90229   85  314 1105.00000 1218.64657  10.3%   993 2940s
 86488 47818 1199.38007   55  326 1105.00000 1218.49945  10.3%   995 2960s
 87224 48142 1153.04575   80  351 1105.00000 1218.42280  10.3%   996 2981s
 87978 48704 1159.36695   70  263 1105.00000 1218.29561  10.3%   997 3004s
 88953 49024 1138.51163   65  308 1105.00000 1218.15940  10.2%   997 3024s
 89689 49387 1178.95245   65  256 1105.00000 1218.06009  10.2%   997 3044s
 90415 49777 1169.92211   68  286 1105.00000 1217.99478  10.2%   997 3065s
 91232 50272 1187.10178   47  289 1105.00000 1217.83861  10.2%   998 3086s
 92145 50532 1138.53002  102  249 1105.00000 1217.72213  10.2%   998 3106s
 92906 50754 1173.27422   54  304 1105.00000 1217.53922  10.2%   998 3126s
 93580 51253 1192.30562   59  339 1105.00000 1217.44476  10.2%  1000 3149s
 94500 51779 1160.08257   48  350 1105.00000 1217.37287  10.2%  1000 3174s
 95248 52611 1180.08393   74  311 1105.00000 1217.18831  10.2%  1001 3197s
 96288 53466 1178.17402   79  249 1105.00000 1217.04634  10.1%  1000 3217s
 97404 54098 1196.59405   67  357 1105.00000 1216.90277  10.1%   998 3236s
 98151 54528 1176.34474   70  384 1105.00000 1216.75308  10.1%   999 3255s
 98701 55076 1147.72888   72  280 1105.00000 1216.64645  10.1%  1000 3275s
 99389 55712 1201.04232   63  385 1105.00000 1216.45276  10.1%  1001 3296s
 100238 56314 1155.74671   82  258 1105.00000 1216.24511  10.1%  1001 3317s
 101002 56922 1128.41023   80  203 1105.00000 1216.13750  10.1%  1001 3338s
 101733 57447 1199.27656   65  321 1105.00000 1215.99968  10.0%  1002 3359s
 102452 58156 1120.82256  113  300 1105.00000 1215.90249  10.0%  1003 3381s
 103319 58666 1114.64930   70  161 1105.00000 1215.78874  10.0%  1003 3402s
 104141 59140 1196.32319   66  350 1105.00000 1215.61624  10.0%  1004 3424s
 104851 59875 1109.14062   75  241 1105.00000 1215.54259  10.0%  1005 3445s
 105766 60667 1190.00309   63  306 1105.00000 1215.39211  10.0%  1005 3465s
 106764 61384 1113.62455   98  200 1105.00000 1215.33474  10.0%  1003 3486s
 107687 61891 1125.18209   71  230 1105.00000 1215.22604  10.0%  1002 3505s
 108389 62542 1197.29382   63  323 1105.00000 1215.08455  10.0%  1003 3524s
 109184 63063 1154.60011   69  239 1105.00000 1215.02877  10.0%  1003 3544s
 109862 63757 1162.97002   59  289 1105.00000 1214.92627  9.95%  1004 3564s
 110793 64342 1168.72463   59  264 1105.00000 1214.82707  9.94%  1004 3584s
 111579 64705 1133.17694   68  282 1105.00000 1214.71621  9.93%  1005 3600s

Cutting planes:
  Gomory: 10
  Lift-and-project: 2015
  Cover: 4
  Implied bound: 7
  MIR: 576
  Knapsack: 1
  StrongCG: 78
  Flow cover: 342
  RLT: 670
  Relax-and-lift: 7
  BQP: 5

Explored 112109 nodes (112716153 simplex iterations) in 3600.02 seconds (11935.83 work units)
Thread count was 16 (of 16 available processors)

Solution count 10: 1105 1103 1098 ... 1011

Time limit reached
Best objective 1.105000000000e+03, best bound 1.214000000000e+03, gap 9.8643%
