
Gurobi 13.0.3 (linux64) logging started Sat Sep 12 22:06:13 2026

Set parameter LogFile to value "Logs/Gurobi/dags_p0040_s4.txt"
Gurobi Optimizer version 13.0.3 build v13.0.3rc0 (linux64 - "Ubuntu 24.04.4 LTS")

CPU model: AMD Ryzen 7 7700 8-Core Processor, instruction set [SSE2|AVX|AVX2|AVX512]
Thread count: 8 physical cores, 16 logical processors, using up to 16 threads

Non-default parameters:
TimeLimit  3600
LogToConsole  0

Academic license 2863599 - for non-commercial use only - registered to be___@usm.cl
Optimize a model with 4488 rows, 2666 columns and 10196 nonzeros (Max)
Model fingerprint: 0x8cd83640
Model has 2211 linear objective coefficients
Variable types: 2211 continuous, 455 integer (455 binary)
Coefficient statistics:
  Matrix range     [1e+00, 5e+01]
  Objective range  [1e+00, 7e+00]
  Bounds range     [1e+00, 1e+00]
  RHS range        [1e+00, 1e+00]

Warning: Completing partial solution with 415 unfixed non-continuous variables out of 455
User MIP start produced solution with objective 89 (0.00s)
Loaded user MIP start with objective 89

Presolve removed 152 rows and 78 columns
Presolve time: 0.06s
Presolved: 4336 rows, 2588 columns, 9853 nonzeros
Variable types: 0 continuous, 2588 integer (2588 binary)

Root relaxation: objective 2.934820e+02, 5430 iterations, 0.17 seconds (0.47 work units)

    Nodes    |    Current Node    |     Objective Bounds      |     Work
 Expl Unexpl |  Obj  Depth IntInf | Incumbent    BestBd   Gap | It/Node Time

     0     0  293.48199    0 2367   89.00000  293.48199   230%     -    0s
     0     0  129.47700    0  978   89.00000  129.47700  45.5%     -    1s
     0     0  126.93847    0  996   89.00000  126.93847  42.6%     -    1s
     0     0  126.68658    0 1041   89.00000  126.68658  42.3%     -    1s
     0     0  120.28936    0  912   89.00000  120.28936  35.2%     -    2s
     0     0  120.18815    0  888   89.00000  120.18815  35.0%     -    2s
     0     0  120.18815    0  882   89.00000  120.18815  35.0%     -    2s
H    0     0                      90.0000000  120.18815  33.5%     -    2s
H    0     0                      91.0000000  113.29437  24.5%     -    2s
H    0     0                      93.0000000  113.29437  21.8%     -    2s
     0     0  113.29437    0  872   93.00000  113.29437  21.8%     -    2s
     0     0  111.72424    0  866   93.00000  111.72424  20.1%     -    2s
     0     0  111.60646    0  861   93.00000  111.60646  20.0%     -    2s
     0     0  109.89587    0  737   93.00000  109.89587  18.2%     -    3s
     0     0  109.80127    0  818   93.00000  109.80127  18.1%     -    3s
     0     0  109.69327    0  873   93.00000  109.69327  17.9%     -    3s
     0     0  109.69249    0  873   93.00000  109.69249  17.9%     -    3s
     0     0  109.69249    0  873   93.00000  109.69249  17.9%     -    3s
     0     2  109.69214    0  873   93.00000  109.69214  17.9%     -    4s
    23    45  109.29929    5  725   93.00000  109.44449  17.7%   683    5s
   788   803  104.31887   48  497   93.00000  109.44449  17.7%   246   10s
  1563  1493   97.09326   84  873   93.00000  109.06139  17.3%   258   15s
  1585  1508   98.97648   70  723   93.00000  109.06139  17.3%   255   21s
  1609  1524   99.65508   52  733   93.00000  108.50965  16.7%   251   25s
  1694  1606  108.25781   18  645   93.00000  108.36397  16.5%   278   30s
  2197  1931  107.25708   26  563   93.00000  108.36397  16.5%   335   35s
  3025  2412  105.29939   35  532   93.00000  106.83372  14.9%   347   40s
  4483  3099   99.89055   59  320   93.00000  106.60600  14.6%   336   45s
  5972  3754  102.12221   23  508   93.00000  106.55942  14.6%   321   50s
  7213  4757  103.09424   37  504   93.00000  106.55942  14.6%   317   56s
  8302  5389  103.62792   29  470   93.00000  106.55942  14.6%   315   60s
 10019  7037  101.55451   36  365   93.00000  105.75431  13.7%   307   65s
 12227  8453  102.48435   38  437   93.00000  105.75431  13.7%   300   70s
 14040  9609   95.62573   68  329   93.00000  105.11782  13.0%   296   76s
 15214 10982   97.56174   48  347   93.00000  104.88308  12.8%   293   80s
 17680 12758   98.97576   32  431   93.00000  104.76011  12.6%   293   85s
 18530 13647   97.85178   47  321   93.00000  104.75943  12.6%   291   92s
 20390 15174   98.69865   46  343   93.00000  104.61780  12.5%   290   96s
 21295 16018   96.05800   37  231   93.00000  104.61692  12.5%   289  100s
 24104 17746  101.42367   49  378   93.00000  104.47386  12.3%   291  106s
 25753 19336  100.25574   32  438   93.00000  104.42685  12.3%   289  111s
 27796 20815  100.08322   40  399   93.00000  104.32579  12.2%   288  116s
 30152 22624  101.34899   24  418   93.00000  104.22199  12.1%   288  124s
 31386 23280  101.13535   39  393   93.00000  104.15038  12.0%   288  128s
 32223 24357   99.69069   52  368   93.00000  104.09221  11.9%   287  131s
 33593 25473   98.74958   44  351   93.00000  104.05743  11.9%   287  135s
 36395 27600   98.91550   41  395   93.00000  103.98592  11.8%   288  143s
 37941 28904   96.10112   64  475   93.00000  103.93073  11.8%   287  146s
 39618 29797  101.43512   26  436   93.00000  103.90541  11.7%   287  150s
 42672 30940   97.76041   40  873   93.00000  103.80849  11.6%   286  182s
 42684 30948  100.94108   42  731   93.00000  103.80849  11.6%   286  185s
 42700 30959  101.52056   38  737   93.00000  103.80849  11.6%   285  190s
 42718 30988  103.80849   25  719   93.00000  103.80849  11.6%   286  195s
 43114 31253  103.80849   35  544   93.00000  103.80849  11.6%   288  200s
 43495 31468  103.01506   42  482   93.00000  103.80849  11.6%   289  205s
 44226 31778  102.34231   52  405   93.00000  103.80849  11.6%   289  210s
 45015 32192  103.80849   40  544   93.00000  103.80849  11.6%   289  215s
 45659 32541  103.80849   36  489   93.00000  103.80849  11.6%   289  220s
 46464 32941  103.80849   42  509   93.00000  103.80849  11.6%   290  225s
 47080 33333   99.49721   56  331   93.00000  103.80849  11.6%   290  230s
 48469 33715   94.20782   70  320   93.00000  103.80849  11.6%   289  235s
 49669 34621  101.04259   36  282   93.00000  103.80849  11.6%   290  240s
 51377 35298   98.26835   55  276   93.00000  103.80849  11.6%   289  245s
 54092 36474  103.23256   36  463   93.00000  103.80849  11.6%   287  251s
 55580 37172   98.26726   51  367   93.00000  103.80849  11.6%   286  255s
 58014 38243   97.07677   46  266   93.00000  103.80849  11.6%   285  263s
 58891 38530   98.29339   54  368   93.00000  103.80849  11.6%   285  265s
 60563 39259  102.23283   35  463   93.00000  103.80849  11.6%   283  272s
 62517 40057  102.01233   46  453   93.00000  103.80849  11.6%   283  277s
 63588 40623   97.24878   70  371   93.00000  103.80849  11.6%   282  280s
 65609 41428   99.14766   46  262   93.00000  103.80849  11.6%   281  287s
 66911 41688  102.56066   35  444   93.00000  103.80849  11.6%   280  290s
 69300 42596   95.82097   59  412   93.00000  103.80849  11.6%   280  297s
 70513 42844   99.66132   42  356   93.00000  103.80849  11.6%   280  300s
 72939 43463  101.72461   38  455   93.00000  103.80849  11.6%   279  306s
 74975 44808   98.66339   47  322   93.00000  103.80849  11.6%   279  312s
 76560 44386  101.14267   39  383   93.00000  103.80849  11.6%   278  315s
 77978 45862  100.69603   48  362   93.00000  103.77296  11.6%   278  322s
 79653 46439   98.46379   58  381   93.00000  103.71833  11.5%   277  326s
 81268 47108   97.88356   52  413   93.00000  103.67584  11.5%   277  332s
 83131 47726  100.71638   30  307   93.00000  103.61157  11.4%   277  336s
 84847 48688   95.03020   59  143   93.00000  103.56863  11.4%   277  342s
 87195 49011   95.16256   62  443   93.00000  103.47280  11.3%   276  345s
 90396 50257  100.74930   50  412   93.00000  103.36677  11.1%   275  352s
 92219 50569   94.90450   60  251   93.00000  103.31615  11.1%   274  355s
 95564 51622     cutoff   74        93.00000  103.23588  11.0%   273  361s
 97131 52168   99.71245   43  379   93.00000  103.20212  11.0%   272  366s
 98688 52804  100.57503   38  478   93.00000  103.17374  10.9%   272  370s
 101966 53814  100.54957   46  328   93.00000  103.09794  10.9%   271  376s
 105267 55128   99.00738   42  344   93.00000  103.05235  10.8%   270  383s
 107315 55520  100.45658   53  364   93.00000  103.00139  10.8%   270  386s
 109055 55641  101.05285   54  370   93.00000  102.96462  10.7%   269  390s
 112020 56872  101.06824   55  384   93.00000  102.96287  10.7%   268  396s
 113709 57337     cutoff   57        93.00000  102.88838  10.6%   268  402s
 115560 57713   99.81943   46  460   93.00000  102.85059  10.6%   268  406s
 117341 58253   94.59908   69  201   93.00000  102.82496  10.6%   267  410s
 120570 59113  101.94292   38  486   93.00000  102.76914  10.5%   267  418s
 122081 59767   95.12088   41  336   93.00000  102.74748  10.5%   267  422s
 123838 59495   98.04982   34  371   93.00000  102.72243  10.5%   266  426s
 124318 59348   94.72027   42  251   93.00000  102.71042  10.4%   266  430s
 124336 60313   94.59894   43  253   93.00000  102.70453  10.4%   266  436s
 125793 61172   94.02483   61  311   93.00000  102.68344  10.4%   266  441s
 127912 61417   99.51914   58  463   93.00000  102.65140  10.4%   265  445s
 131069 62407   98.43507   56  348   93.00000  102.59353  10.3%   265  453s
 132618 62774   96.55275   37  291   93.00000  102.58138  10.3%   265  457s
 134324 63201     cutoff   55        93.00000  102.55732  10.3%   264  461s
 135983 63647   94.97738   57  169   93.00000  102.53236  10.2%   264  465s
 137345 64689   94.28027   69  223   93.00000  102.53160  10.2%   264  471s
 138966 65735   99.81308   48  397   93.00000  102.47900  10.2%   264  475s
 142328 67908   99.10039   47  291   93.00000  102.42387  10.1%   263  483s
 144126 68874  100.99276   45  364   93.00000  102.40087  10.1%   263  486s
 145779 69919   98.30311   59  280   93.00000  102.36700  10.1%   262  491s
 147487 71220   95.98618   51  247   93.00000  102.34278  10.0%   262  496s
 151211 73141   94.67822   71  332   93.00000  102.29967  10.0%   261  505s
 154482 74879   98.93041   41  386   93.00000  102.25737  10.0%   261  512s
 155672 75921   99.76255   45  352   93.00000  102.24636  9.94%   261  517s
 157355 77025   98.24073   58  381   93.00000  102.23267  9.93%   260  521s
 160733 79224   98.79420   55  398   93.00000  102.19877  9.89%   260  528s
 162427 80360  100.01637   39  348   93.00000  102.17803  9.87%   260  531s
 164249 81494   97.03465   72  257   93.00000  102.16454  9.85%   259  537s
 165922 82415   97.06185   64  345   93.00000  102.14788  9.84%   259  541s
 169189 84664   99.45998   40  373   93.00000  102.10629  9.79%   258  549s
 171071 85783   98.70095   52  201   93.00000  102.08676  9.77%   258  552s
 172808 86727   94.59930   72  384   93.00000  102.06858  9.75%   258  555s
 176070 88781   97.34530   57  278   93.00000  102.02815  9.71%   258  562s
 177753 89973   99.16525   56  223   93.00000  102.01537  9.69%   257  565s
 179554 91016   94.89740   64  239   93.00000  101.99041  9.67%   257  571s
 182954 93183   98.90093   43  432   93.00000  101.95866  9.63%   256  577s
 184656 94098  100.02972   39  322   93.00000  101.93955  9.61%   256  580s
 187789 96038   98.06272   52  284   93.00000  101.91434  9.59%   256  587s
 189415 96934     cutoff   63        93.00000  101.90158  9.57%   256  591s
 191312 98251   99.06768   37  353   93.00000  101.88456  9.55%   255  596s
 193354 99300   97.60424   43  396   93.00000  101.86856  9.54%   255  600s
 194935 100317   97.71284   55  395   93.00000  101.85066  9.52%   255  605s
 197649 102137  100.51089   42  406   93.00000  101.82868  9.49%   254  612s
 199262 103206   98.17695   59  353   93.00000  101.81554  9.48%   254  616s
 201061 104207   99.59407   41  464   93.00000  101.79203  9.45%   254  620s
 204471 106204 infeasible   67        93.00000  101.76463  9.42%   253  627s
 206245 107222   95.31845   74  261   93.00000  101.75071  9.41%   253  631s
 209550 109311     cutoff   49        93.00000  101.71805  9.37%   253  640s
 212868 111558   97.23209   39  333   93.00000  101.69607  9.35%   252  647s
 214888 112476  100.40457   50  343   93.00000  101.67786  9.33%   252  650s
 217975 114644   98.82014   47  414   93.00000  101.65021  9.30%   252  655s
 221238 116495   97.47294   65  297   93.00000  101.62560  9.27%   252  661s
 224440 118455   97.24050   47  302   93.00000  101.59987  9.25%   251  667s
 226242 119212   96.04808   59  270   93.00000  101.58954  9.24%   251  671s
 227481 120332   95.52704   48  211   93.00000  101.58781  9.23%   251  676s
 230880 122378  100.36970   38  294   93.00000  101.56105  9.21%   250  682s
 232443 123429     cutoff   52        93.00000  101.55042  9.19%   250  685s
 236112 125571   95.18902   77  256   93.00000  101.52211  9.16%   250  691s
 239257 127710   97.71290   53  273   93.00000  101.49666  9.14%   250  697s
 240903 128814   96.57461   71  296   93.00000  101.48655  9.13%   249  700s
 244100 130884   95.22749   53  278   93.00000  101.46380  9.10%   249  708s
 245748 131681   98.57504   45  340   93.00000  101.44869  9.08%   249  711s
 248635 133881   99.04833   46  406   93.00000  101.42983  9.06%   248  717s
 250367 134951   96.91344   54  316   93.00000  101.41972  9.05%   248  720s
 253629 136908   96.96616   54  295   93.00000  101.40047  9.03%   248  727s
 255231 137982   99.06700   45  399   93.00000  101.38927  9.02%   248  730s
 259002 140056   96.01455   66  321   93.00000  101.37364  9.00%   247  737s
 260562 141051   98.90560   40  384   93.00000  101.36114  8.99%   247  742s
 262226 142074   98.58030   47  297   93.00000  101.35546  8.98%   247  745s
 265563 144011   98.87610   54  259   93.00000  101.33858  8.97%   247  751s
 268324 145320   95.38416   50  206   93.00000  101.32447  8.95%   246  757s
 269354 145665   94.45425   65  229   93.00000  101.31526  8.94%   246  761s
 270524 146552   94.14339   67  228   93.00000  101.31486  8.94%   246  767s
 271528 147852   99.94794   43  355   93.00000  101.30764  8.93%   246  771s
 275523 150086  100.41561   46  349   93.00000  101.28320  8.91%   246  780s
 279417 152370   98.45851   47  370   93.00000  101.26152  8.88%   246  787s
 281041 153419   96.17063   50  310   93.00000  101.25245  8.87%   245  790s
 284355 155372   98.25914   68  421   93.00000  101.23408  8.85%   245  795s
 287512 157421   97.28258   62  336   93.00000  101.22029  8.84%   245  801s
 290509 159150   96.77007   42  348   93.00000  101.20461  8.82%   244  807s
 292163 160176   95.79965   62  296   93.00000  101.19573  8.81%   244  812s
 295561 162220   94.36004   51  125   93.00000  101.17656  8.79%   244  817s
 297175 163307   94.67051   49  318   93.00000  101.16891  8.78%   244  820s
 300842 165472   99.38776   43  397   93.00000  101.14748  8.76%   243  827s
 302400 166321   96.11123   52  234   93.00000  101.13872  8.75%   243  830s
 305677 168382   98.80915   51  345   93.00000  101.12090  8.73%   243  836s
 308576 170315   98.73371   52  294   93.00000  101.10904  8.72%   243  842s
 310322 171354   99.41295   42  370   93.00000  101.09831  8.71%   242  848s
 311967 172272   99.09151   50  371   93.00000  101.09094  8.70%   242  851s
 314837 174050   97.76429   48  239   93.00000  101.08355  8.69%   242  857s
 316594 175094   95.16160   63  330   93.00000  101.06998  8.68%   242  860s
 319966 177379   99.06901   50  289   93.00000  101.05622  8.66%   242  867s
 323480 178959   95.19708   51  423   93.00000  101.04135  8.65%   242  872s
 324705 180001   98.56667   45  391   93.00000  101.03649  8.64%   241  875s
 326361 181107   96.72032   62  386   93.00000  101.02998  8.63%   241  881s
 329800 182229     cutoff   62        93.00000  101.01415  8.62%   241  887s
 329971 183133   97.53756   48  280   93.00000  101.01415  8.62%   241  890s
 333171 185351     cutoff   76        93.00000  100.99748  8.60%   241  896s
 336659 187491   97.94376   62  358   93.00000  100.98498  8.59%   241  901s
 340046 189517   94.82716   59  325   93.00000  100.97061  8.57%   240  907s
 341739 190461   97.97483   63  338   93.00000  100.96423  8.56%   240  911s
 343425 191587   96.32198   39  382   93.00000  100.95762  8.56%   240  917s
 345212 192599   97.89127   56  288   93.00000  100.95192  8.55%   240  920s
 348708 194597   97.63828   56  354   93.00000  100.93505  8.53%   240  926s
 352321 196583   97.57264   43  298   93.00000  100.92797  8.52%   240  932s
 353963 197644   97.35970   40  245   93.00000  100.91835  8.51%   240  935s
 357464 199487   98.12728   49  310   93.00000  100.90637  8.50%   239  941s
 360821 201172     cutoff   51        93.00000  100.89616  8.49%   239  949s
 362082 202192   94.67883   63  287   93.00000  100.89326  8.49%   239  952s
 363815 203429   95.00555   43  275   93.00000  100.88607  8.48%   239  956s
 367385 205155   95.11070   66  232   93.00000  100.87341  8.47%   239  961s
 370324 207256   97.86390   62  415   93.00000  100.86397  8.46%   238  967s
 372063 208217   95.15816   63  260   93.00000  100.85609  8.45%   238  970s
 375500 210193   99.20859   37  327   93.00000  100.84456  8.44%   238  976s
 378356 211949   99.53843   44  259   93.00000  100.83457  8.42%   238  984s
 380002 213011   96.95617   67  284   93.00000  100.82572  8.41%   238  987s
 381788 213977   97.99637   41  396   93.00000  100.82175  8.41%   238  990s
 385055 216185   99.21157   48  334   93.00000  100.80879  8.40%   237  997s
 388576 218057   95.23276   81  317   93.00000  100.79973  8.39%   237 1002s
 390374 219003   97.33058   51  243   93.00000  100.79298  8.38%   237 1005s
 393681 220785   94.77381   55  142   93.00000  100.78432  8.37%   237 1011s
 396829 222463   98.58063   41  326   93.00000  100.77405  8.36%   237 1019s
 398108 223339   98.90890   40  340   93.00000  100.77224  8.36%   236 1022s
 399671 224149   98.00838   47  387   93.00000  100.76615  8.35%   236 1025s
 402843 226202   97.88162   53  262   93.00000  100.75454  8.34%   236 1031s
 406185 228395   97.57551   52  279   93.00000  100.74492  8.33%   236 1037s
 408185 229424   95.55316   69  356   93.00000  100.73819  8.32%   236 1040s
 411450 231220   96.78132   54  235   93.00000  100.72891  8.31%   236 1045s
 414590 233103   99.04633   56  346   93.00000  100.71888  8.30%   236 1053s
 416123 233888   94.72039   56  256   93.00000  100.71446  8.30%   236 1056s
 419203 234806   99.12818   59  322   93.00000  100.70544  8.29%   235 1062s
 419242 235090   99.05157   60  324   93.00000  100.70544  8.29%   235 1065s
 421291 237009   95.02434   54  370   93.00000  100.69802  8.28%   235 1071s
 424905 238957     cutoff   67        93.00000  100.68686  8.27%   235 1077s
 426612 239434   98.90798   45  469   93.00000  100.68107  8.26%   235 1081s
 427461 240078     cutoff   65        93.00000  100.68107  8.26%   235 1090s
 428653 241707   98.02777   32  380   93.00000  100.68008  8.26%   235 1097s
 431934 242998   94.72837   50  176   93.00000  100.67276  8.25%   235 1102s
 434532 244421  100.10593   43  273   93.00000  100.66084  8.24%   235 1106s
 436948 245685   95.12626   49  408   93.00000  100.65344  8.23%   234 1110s
 441410 247994   98.01235   47  290   93.00000  100.64149  8.22%   234 1117s
 443355 249122   94.27991   70  272   93.00000  100.63772  8.21%   234 1122s
 445240 250171   98.52298   53  387   93.00000  100.63196  8.21%   234 1125s
 448787 252191   98.86614   49  383   93.00000  100.62401  8.20%   234 1132s
 450760 253035   98.52943   44  329   93.00000  100.61812  8.19%   234 1135s
 454275 254766   97.35708   58  352   93.00000  100.60780  8.18%   233 1141s
 457648 256859   96.54444   63  256   93.00000  100.59913  8.17%   233 1147s
 459299 257886   96.15171   55  267   93.00000  100.59479  8.17%   233 1150s
 462554 259660   97.59775   46  297   93.00000  100.58598  8.16%   233 1158s
 464007 260649   98.04276   62  316   93.00000  100.58297  8.15%   233 1161s
 467347 262342   97.59568   52  240   93.00000  100.57388  8.14%   233 1167s
 468998 263512   94.20071   73  208   93.00000  100.57058  8.14%   233 1170s
 472571 265557   95.05186   59  321   93.00000  100.56169  8.13%   233 1175s
 475830 267475   96.02195   56  302   93.00000  100.55237  8.12%   232 1181s
 477370 268255   96.79032   57  255   93.00000  100.54909  8.12%   232 1185s
 478692 268992   95.91318   52  216   93.00000  100.54673  8.11%   232 1190s
 482047 270907   99.66057   49  353   93.00000  100.53788  8.11%   232 1196s
 485279 272912   94.96500   56  281   93.00000  100.52977  8.10%   232 1201s
 488620 274949   96.60535   54  378   93.00000  100.52025  8.09%   232 1206s
 490301 276056   94.54674   66  258   93.00000  100.51497  8.08%   232 1210s
 493872 277893   96.40565   49  336   93.00000  100.50554  8.07%   232 1215s
 496868 279790   98.84057   47  412   93.00000  100.49781  8.06%   232 1221s
 498548 280824   98.93593   53  294   93.00000  100.49365  8.06%   231 1227s
 500272 281750   98.19288   32  296   93.00000  100.48811  8.05%   231 1230s
 503616 283780   94.46935   67  300   93.00000  100.48027  8.04%   231 1236s
 507164 285566   94.89493   59  312   93.00000  100.47322  8.04%   231 1242s
 508735 286285   95.81218   58  146   93.00000  100.47003  8.03%   231 1245s
 511861 288203   96.76940   60  434   93.00000  100.46457  8.03%   231 1251s
 515424 290109 infeasible   64        93.00000  100.45613  8.02%   231 1258s
 517043 291030     cutoff   62        93.00000  100.45348  8.01%   231 1261s
 520389 292841   96.11054   55  339   93.00000  100.44640  8.01%   231 1266s
 523637 294591   95.30130   54  325   93.00000  100.43999  8.00%   231 1271s
 526633 296409   97.20277   59  285   93.00000  100.43222  7.99%   230 1277s
 529952 298162   97.58351   41  411   93.00000  100.42542  7.98%   230 1282s
 531590 298967   95.09937   52  247   93.00000  100.42151  7.98%   230 1285s
 535286 301030   95.62819   58  346   93.00000  100.41416  7.97%   230 1294s
 536767 301898   97.78332   45  221   93.00000  100.40894  7.97%   230 1296s
 539615 303624   97.31641   53  313   93.00000  100.40330  7.96%   230 1302s
 543035 305660   97.29984   41  301   93.00000  100.39482  7.95%   230 1307s
 544789 306526   95.09071   52  177   93.00000  100.39090  7.95%   230 1310s
 548303 308398   95.16902   49  306   93.00000  100.38518  7.94%   230 1315s
 551595 310285   98.11504   58  299   93.00000  100.37912  7.93%   230 1320s
 554966 312157   97.26159   45  378   93.00000  100.37124  7.93%   229 1329s
 556916 313016   96.39840   36  303   93.00000  100.36759  7.92%   229 1332s
 559960 314625   98.26103   51  387   93.00000  100.36276  7.92%   229 1337s
 563278 316499   95.76687   58  271   93.00000  100.35664  7.91%   229 1342s
 566793 318174   95.11942   47  300   93.00000  100.35044  7.90%   229 1347s
 569949 319922   98.39430   51  356   93.00000  100.34276  7.90%   229 1352s
 572429 320910   96.42212   68  290   93.00000  100.33933  7.89%   229 1355s
 574723 322445   98.31893   46  302   93.00000  100.33307  7.89%   229 1362s
 576001 323524   98.94592   42  354   93.00000  100.33084  7.88%   229 1366s
 579668 325189   98.04344   49  305   93.00000  100.32484  7.88%   228 1371s
 582810 327026   94.06118   78  296   93.00000  100.31877  7.87%   228 1376s
 586018 328942   97.16044   42  291   93.00000  100.31229  7.86%   228 1381s
 589254 330717   98.97864   42  291   93.00000  100.30607  7.86%   228 1386s
 592474 332372     cutoff   69        93.00000  100.29932  7.85%   228 1392s
 594064 333063   94.78435   53  244   93.00000  100.29572  7.84%   228 1398s
 595247 334053   98.09733   49  275   93.00000  100.29280  7.84%   228 1401s
 596873 335105   97.42161   50  312   93.00000  100.28989  7.84%   228 1405s
 600401 336899   95.93249   40  236   93.00000  100.28310  7.83%   228 1410s
 603692 338697   94.70653   62  238   93.00000  100.27625  7.82%   228 1416s
 606872 340493   97.39180   52  187   93.00000  100.27130  7.82%   227 1421s
 610132 342463   98.23902   41  408   93.00000  100.26552  7.81%   227 1427s
 611742 343095   98.45692   46  326   93.00000  100.26137  7.81%   227 1432s
 613090 344103   98.84530   56  378   93.00000  100.25858  7.80%   227 1435s
 618092 346849   96.54764   42  226   93.00000  100.25018  7.80%   227 1443s
 619909 347791   99.01328   37  263   93.00000  100.24775  7.79%   227 1445s
 623314 349507   99.02955   42  346   93.00000  100.24061  7.79%   227 1450s
 626619 351290   94.73890   55  103   93.00000  100.23472  7.78%   227 1456s
 629672 353157   97.95637   49  389   93.00000  100.22704  7.77%   227 1462s
 631293 354129   95.71328   64  267   93.00000  100.22504  7.77%   227 1467s
 632970 354797   98.11277   49  377   93.00000  100.22129  7.76%   227 1470s
 635067 355516   96.67617   49  371   93.00000  100.21985  7.76%   227 1477s
 635720 355930   97.48374   51  302   93.00000  100.21985  7.76%   227 1480s
 637142 356714     cutoff   49        93.00000  100.21806  7.76%   226 1486s
 637973 357518   98.86030   42  352   93.00000  100.21700  7.76%   226 1490s
 641387 359285   98.27881   49  270   93.00000  100.20490  7.75%   226 1497s
 642894 360180     cutoff   62        93.00000  100.20169  7.74%   226 1501s
 644535 361068   95.64532   59  303   93.00000  100.19863  7.74%   226 1505s
 647687 362985   96.72243   45  288   93.00000  100.19233  7.73%   226 1510s
 651108 364672   94.47916   64  355   93.00000  100.18728  7.73%   226 1515s
 654374 366291   98.46728   40  320   93.00000  100.18160  7.72%   226 1520s
 657714 368064   98.30748   48  309   93.00000  100.17555  7.72%   226 1525s
 661039 369780   98.08077   53  329   93.00000  100.17016  7.71%   226 1532s
 662805 370716   97.99878   50  374   93.00000  100.16806  7.71%   226 1537s
 664503 371678   96.41546   64  344   93.00000  100.16476  7.70%   226 1540s
 667831 373542   95.15934   58  260   93.00000  100.15857  7.70%   226 1546s
 671173 375392   98.33338   36  364   93.00000  100.15148  7.69%   225 1552s
 672880 376057   95.16955   64  225   93.00000  100.14955  7.69%   225 1555s
 676023 378016   98.11895   64  355   93.00000  100.14408  7.68%   225 1561s
 679358 379744   94.86645   56  173   93.00000  100.13853  7.68%   225 1569s
 680994 380626   97.40238   54  299   93.00000  100.13538  7.67%   225 1572s
 682746 381493   97.85684   55  259   93.00000  100.13258  7.67%   225 1576s
 685839 383244   95.43229   47  233   93.00000  100.12777  7.66%   225 1582s
 687764 384269   98.33148   62  287   93.00000  100.12417  7.66%   225 1585s
 691043 386146   99.35523   48  254   93.00000  100.11782  7.65%   225 1591s
 694508 388089   98.58741   44  252   93.00000  100.11283  7.65%   225 1597s
 696335 388873   96.22724   56  327   93.00000  100.11049  7.65%   225 1600s
 697795 389659   98.54156   57  335   93.00000  100.10864  7.64%   225 1605s
 701147 391495   96.68362   61  311   93.00000  100.10214  7.64%   225 1611s
 704475 393534   96.34737   65  345   93.00000  100.09747  7.63%   225 1618s
 706462 394401     cutoff   72        93.00000  100.09492  7.63%   225 1621s
 709294 395896   97.01355   61  350   93.00000  100.08924  7.62%   224 1627s
 711124 396833   94.63728   55  183   93.00000  100.08613  7.62%   224 1630s
 714305 398251   96.71777   58  285   93.00000  100.08145  7.61%   224 1640s
 716713 399781   94.53430   68  320   93.00000  100.08008  7.61%   224 1646s
 720261 401588   95.79432   58  327   93.00000  100.07132  7.60%   224 1652s
 721737 402613   97.94784   37  378   93.00000  100.06933  7.60%   224 1656s
 723415 403652   95.99094   55  255   93.00000  100.06584  7.60%   224 1660s
 727106 405723   96.78390   55  266   93.00000  100.05973  7.59%   224 1668s
 728748 406588   97.80459   53  265   93.00000  100.05764  7.59%   224 1673s
 730444 407135   94.22460   68  381   93.00000  100.05568  7.59%   224 1676s
 733248 408905   97.82364   53  316   93.00000  100.05147  7.58%   224 1682s
 736526 410749   98.44299   52  389   93.00000  100.04730  7.58%   224 1687s
 738220 411613   94.40870   58  157   93.00000  100.04452  7.57%   224 1690s
 741663 413497   97.67933   47  398   93.00000  100.03972  7.57%   224 1696s
 744980 415108   98.96539   36  316   93.00000  100.03386  7.56%   224 1701s
 746317 416184   96.93540   57  319   93.00000  100.03286  7.56%   224 1708s
 748251 417020   97.73498   49  310   93.00000  100.02884  7.56%   223 1710s
 751481 418657   97.51139   54  266   93.00000  100.02332  7.55%   223 1715s
 755027 420164   94.72556   57  171   93.00000  100.01954  7.55%   223 1721s
 758222 421846   96.98682   61  261   93.00000  100.01406  7.54%   223 1726s
 761430 423557     cutoff   60        93.00000  100.00943  7.54%   223 1732s
 762756 424457     cutoff   59        93.00000  100.00764  7.54%   223 1735s
 766048 426340   95.15125   52  228   93.00000  100.00113  7.53%   223 1743s
 767665 427351   96.59984   48  246   93.00000   99.99881  7.53%   223 1747s
 769588 428266   96.78025   53  265   93.00000   99.99547  7.52%   223 1750s
 772979 429986   98.03151   53  369   93.00000   99.99097  7.52%   223 1756s
 775942 431617   97.25381   54  238   93.00000   99.98730  7.51%   223 1762s
 777482 432456   95.15676   60  352   93.00000   99.98590  7.51%   223 1765s
 780714 434227   97.26047   48  361   93.00000   99.98065  7.51%   223 1770s
 784130 435848   95.23002   51  228   93.00000   99.97555  7.50%   223 1778s
 785828 436813   94.14835   68  245   93.00000   99.97326  7.50%   222 1781s
 789023 438644   98.08118   48  288   93.00000   99.96795  7.49%   222 1787s
 790938 439506   96.89338   63  258   93.00000   99.96466  7.49%   222 1790s
 793924 441201   96.65116   57  227   93.00000   99.96076  7.48%   222 1795s
 797477 442882   95.16553   48  351   93.00000   99.95554  7.48%   222 1801s
 800897 444619   96.56151   59  230   93.00000   99.95112  7.47%   222 1807s
 802538 445428   98.41790   45  342   93.00000   99.94833  7.47%   222 1812s
 805803 446971     cutoff   52        93.00000   99.94379  7.47%   222 1817s
 807132 447853   98.18489   46  310   93.00000   99.94247  7.47%   222 1820s
 810441 449687   97.73289   47  358   93.00000   99.93647  7.46%   222 1826s
 813886 451411   98.30722   49  319   93.00000   99.93161  7.45%   222 1831s
 817237 453166   97.51210   53  264   93.00000   99.92695  7.45%   222 1837s
 820499 454824   96.51623   43  263   93.00000   99.92212  7.44%   222 1842s
 821874 455693   95.20397   45  187   93.00000   99.92057  7.44%   222 1847s
 823558 456667   96.94301   59  209   93.00000   99.91781  7.44%   222 1850s
 827055 458339     cutoff   63        93.00000   99.91312  7.43%   222 1856s
 830260 460245     cutoff   69        93.00000   99.90936  7.43%   221 1861s
 833280 462239   96.95709   56  221   93.00000   99.90624  7.43%   221 1868s
 835443 462637   96.05615   66  329   93.00000   99.90288  7.42%   221 1871s
 836189 463704   94.04835   76  260   93.00000   99.90240  7.42%   221 1875s
 838046 464776   96.01803   48  174   93.00000   99.90030  7.42%   221 1881s
 842072 466777   94.23597   60  127   93.00000   99.89331  7.41%   221 1887s
 844021 467791     cutoff   75        93.00000   99.88959  7.41%   221 1890s
 847760 469448   94.03322   69  147   93.00000   99.88459  7.40%   221 1896s
 851066 471316   96.17286   50  247   93.00000   99.87969  7.40%   221 1901s
 854768 473187   98.27870   51  282   93.00000   99.87551  7.39%   221 1907s
 856411 474009   94.18248   54  355   93.00000   99.87304  7.39%   221 1910s
 859661 475695   99.05873   43  426   93.00000   99.86795  7.38%   221 1917s
 861038 476506   98.34149   51  311   93.00000   99.86691  7.38%   221 1920s
 864492 478108   95.57321   49  312   93.00000   99.86118  7.38%   221 1925s
 868014 479866   97.11194   55  329   93.00000   99.85674  7.37%   221 1930s
 871258 481579   98.27641   46  300   93.00000   99.85253  7.37%   221 1935s
 874419 483309   95.89763   53  249   93.00000   99.84893  7.36%   220 1941s
 876067 484306   97.76698   53  248   93.00000   99.84723  7.36%   220 1945s
 878015 485137   95.20528   52  405   93.00000   99.84396  7.36%   220 1950s
 881430 486826   97.14842   45  412   93.00000   99.84026  7.36%   220 1955s
 884738 488686   94.54233   48  240   93.00000   99.83520  7.35%   220 1961s
 887877 490275   97.16543   49  228   93.00000   99.83190  7.35%   220 1967s
 889501 491094   99.09164   48  352   93.00000   99.82984  7.34%   220 1970s
 892649 492700   96.83108   59  259   93.00000   99.82720  7.34%   220 1976s
 895844 494444   98.78782   43  318   93.00000   99.82290  7.34%   220 1985s
 899268 495955   94.12196   68  298   93.00000   99.81972  7.33%   220 1991s
 902351 497839   99.28492   58  490   93.00000   99.81437  7.33%   220 1997s
 904049 498774   98.19153   40  273   93.00000   99.81158  7.32%   220 2000s
 907504 500619   97.70628   58  286   93.00000   99.80772  7.32%   220 2006s
 910869 502325   94.36681   55  266   93.00000   99.80415  7.32%   220 2011s
 912272 503241   97.95906   36  256   93.00000   99.80211  7.31%   220 2017s
 915676 505003   96.13379   56  255   93.00000   99.79754  7.31%   220 2022s
 917679 505950   97.91030   44  348   93.00000   99.79586  7.31%   220 2026s
 921287 507542   95.75995   58  252   93.00000   99.79194  7.30%   219 2031s
 924495 508822   96.85435   47  181   93.00000   99.78753  7.30%   219 2036s
 926978 510357   97.35999   60  318   93.00000   99.78582  7.30%   219 2042s
 928481 511251   97.35888   42  267   93.00000   99.78498  7.30%   219 2045s
 931632 512890   94.61081   56  177   93.00000   99.77981  7.29%   219 2053s
 933136 513360   97.73756   56  203   93.00000   99.77936  7.29%   219 2056s
 936524 515069   94.04003   63  185   93.00000   99.77283  7.28%   219 2062s
 937890 516030     cutoff   57        93.00000   99.77113  7.28%   219 2065s
 941539 517946     cutoff   52        93.00000   99.76688  7.28%   219 2071s
 944880 519618   97.25751   46  364   93.00000   99.76268  7.27%   219 2076s
 948324 521277   97.87625   53  279   93.00000   99.75869  7.27%   219 2081s
 950011 521995   96.42529   55  351   93.00000   99.75733  7.27%   219 2086s
 952949 523553   95.97380   66  328   93.00000   99.75374  7.26%   219 2091s
 956143 525179   98.17764   53  307   93.00000   99.75034  7.26%   219 2097s
 959377 526885   98.44934   46  304   93.00000   99.74657  7.25%   219 2102s
 961058 527884     cutoff   80        93.00000   99.74450  7.25%   219 2106s
 964323 529386   94.75519   59  258   93.00000   99.74065  7.25%   219 2111s
 967745 531229   97.52251   63  293   93.00000   99.73688  7.24%   218 2116s
 969429 532122   96.10927   39  381   93.00000   99.73514  7.24%   218 2121s
 971037 532151   94.66671   42  175   93.00000   99.73311  7.24%   218 2126s
 971171 532630   97.56736   56  324   93.00000   99.73311  7.24%   218 2131s
 973794 534431   96.24049   42  334   93.00000   99.73064  7.24%   218 2137s
 975562 535242   94.16107   54  183   93.00000   99.72820  7.23%   218 2140s
 977986 536026   96.10592   64  253   93.00000   99.72586  7.23%   218 2146s
 978471 536319   95.85200   65  247   93.00000   99.72571  7.23%   218 2150s
 979025 536575   95.60002   66  248   93.00000   99.72556  7.23%   218 2155s
 980078 537172   95.16196   68  243   93.00000   99.72537  7.23%   218 2162s
 980668 537912   95.03845   69  228   93.00000   99.72537  7.23%   218 2166s
 982157 538916   97.37630   60  394   93.00000   99.72477  7.23%   218 2170s
 985655 540684     cutoff   65        93.00000   99.71734  7.22%   218 2175s
 988585 542131   98.36905   38  269   93.00000   99.71288  7.22%   218 2180s
 992154 543984   97.51249   51  362   93.00000   99.70945  7.21%   218 2186s
 993794 544889   95.47857   64  246   93.00000   99.70765  7.21%   218 2191s
 997086 546507   95.10919   58  191   93.00000   99.70348  7.21%   218 2196s
 1000245 547966     cutoff   45        93.00000   99.70062  7.20%   218 2202s
 1003664 549796   99.01129   46  431   93.00000   99.69719  7.20%   218 2208s
 1005583 550545   97.37685   60  272   93.00000   99.69551  7.20%   218 2211s
 1008898 552321   97.96424   44  306   93.00000   99.69229  7.20%   218 2216s
 1011826 553660   95.14005   48  263   93.00000   99.68904  7.19%   218 2224s
 1013081 554534   95.41266   47  201   93.00000   99.68843  7.19%   218 2227s
 1015925 555412   98.15026   42  267   93.00000   99.68584  7.19%   218 2230s
 1018139 556991   96.52952   55  390   93.00000   99.68287  7.19%   218 2235s
 1021492 558742   98.25245   51  361   93.00000   99.67887  7.18%   217 2240s
 1024607 560476   96.62303   36  262   93.00000   99.67511  7.18%   217 2246s
 1028164 562175   97.92305   43  253   93.00000   99.67116  7.17%   217 2252s
 1029749 563088   94.17305   58  158   93.00000   99.66973  7.17%   217 2255s
 1031440 563875   94.78837   52  249   93.00000   99.66817  7.17%   217 2260s
 1034926 565361   96.96627   53  219   93.00000   99.66452  7.17%   217 2265s
 1037904 567053   95.43740   68  353   93.00000   99.66189  7.16%   217 2271s
 1041128 568638   97.29060   43  346   93.00000   99.65822  7.16%   217 2276s
 1044453 570238   95.51481   48  292   93.00000   99.65442  7.16%   217 2282s
 1046143 571164   99.08848   45  358   93.00000   99.65232  7.15%   217 2286s
 1049815 572642   95.31836   60  407   93.00000   99.64951  7.15%   217 2293s
 1051282 573345 infeasible   58        93.00000   99.64797  7.15%   217 2295s
 1054404 575078   94.18765   72  288   93.00000   99.64496  7.15%   217 2300s
 1057677 576864   98.30149   40  342   93.00000   99.64117  7.14%   217 2305s
 1060618 578339   95.84962   50  289   93.00000   99.63844  7.14%   217 2310s
 1065507 580738   94.40343   64  291   93.00000   99.63427  7.13%   217 2317s
 1067100 581716   96.38137   47  303   93.00000   99.63262  7.13%   217 2320s
 1070662 583200   94.94163   68  320   93.00000   99.62948  7.13%   217 2328s
 1071869 584067   96.86022   69  211   93.00000   99.62821  7.13%   217 2331s
 1075345 585823   94.85711   57  322   93.00000   99.62429  7.12%   217 2336s
 1078742 587576   98.27154   44  339   93.00000   99.62056  7.12%   216 2340s
 1082096 589080   95.16518   53  164   93.00000   99.61752  7.12%   216 2345s
 1085258 590835   95.86050   66  329   93.00000   99.61441  7.11%   216 2350s
 1088543 592603   98.38770   46  289   93.00000   99.61144  7.11%   216 2356s
 1090354 593475   94.56738   52   97   93.00000   99.60922  7.11%   216 2361s
 1093688 594914   94.14485   55  149   93.00000   99.60591  7.10%   216 2366s
 1096839 596645   94.66484   69  225   93.00000   99.60359  7.10%   216 2371s
 1100461 598022     cutoff   61        93.00000   99.60037  7.10%   216 2376s
 1103907 599774   97.13538   43  363   93.00000   99.59712  7.09%   216 2381s
 1107205 601290     cutoff   48        93.00000   99.59368  7.09%   216 2386s
 1110249 603144   98.62286   56  342   93.00000   99.58991  7.09%   216 2392s
 1112151 604048   96.23250   60  340   93.00000   99.58822  7.08%   216 2397s
 1115529 605623   95.36088   56  280   93.00000   99.58529  7.08%   216 2402s
 1118115 606942   95.51844   68  321   93.00000   99.58292  7.08%   216 2407s
 1121301 608495   95.99941   48  319   93.00000   99.57933  7.07%   216 2412s
 1124653 610187   95.26512   50  175   93.00000   99.57622  7.07%   216 2416s
 1128257 611844   96.63453   64  334   93.00000   99.57327  7.07%   216 2422s
 1131626 613323   94.21530   68  187   93.00000   99.57053  7.07%   216 2428s
 1133237 614233   97.82964   48  330   93.00000   99.56885  7.06%   216 2433s
 1135150 615187   94.48009   70  305   93.00000   99.56687  7.06%   216 2436s
 1138575 617034   98.04134   46  218   93.00000   99.56302  7.06%   216 2441s
 1142182 618597   98.04203   48  371   93.00000   99.56032  7.05%   215 2446s
 1145132 620164   94.37053   54  298   93.00000   99.55769  7.05%   215 2451s
 1148416 621855   94.88849   51  279   93.00000   99.55433  7.05%   215 2456s
 1151636 623681   97.42219   48  288   93.00000   99.55155  7.04%   215 2461s
 1153476 624539     cutoff   65        93.00000   99.55008  7.04%   215 2466s
 1156976 626172   96.18256   53  316   93.00000   99.54717  7.04%   215 2471s
 1160144 627737   96.02684   60  303   93.00000   99.54420  7.04%   215 2476s
 1163147 629421   94.41063   58  292   93.00000   99.54123  7.03%   215 2481s
 1166626 630805   97.29109   52  338   93.00000   99.53801  7.03%   215 2486s
 1169978 632551   96.70371   56  303   93.00000   99.53422  7.03%   215 2491s
 1173221 634292   95.48411   53  269   93.00000   99.53151  7.02%   215 2496s
 1174892 635146   97.74587   43  276   93.00000   99.52968  7.02%   215 2501s
 1178397 636950   99.04990   54  419   93.00000   99.52656  7.02%   215 2507s
 1181880 638761   97.89218   41  244   93.00000   99.52371  7.01%   215 2512s
 1185111 640362   94.18360   60   87   93.00000   99.52092  7.01%   215 2517s
 1188248 642040   95.97779   53  264   93.00000   99.51873  7.01%   215 2522s
 1191657 643712   97.04670   62  312   93.00000   99.51622  7.01%   215 2527s
 1193297 644502   94.14551   54  247   93.00000   99.51442  7.00%   215 2530s
 1196607 646375   95.53316   47  360   93.00000   99.51134  7.00%   215 2538s
 1198469 647067   96.87227   51  270   93.00000   99.51001  7.00%   215 2541s
 1201655 649012   97.76032   43  349   93.00000   99.50714  7.00%   214 2547s
 1203316 649906   94.94414   59  252   93.00000   99.50576  7.00%   214 2550s
 1206881 651498   97.16789   42  248   93.00000   99.50273  6.99%   214 2555s
 1210178 653000   97.04459   62  314   93.00000   99.49967  6.99%   214 2561s
 1213588 654529   96.26601   49  250   93.00000   99.49643  6.99%   214 2569s
 1214926 655446   96.97083   42  280   93.00000   99.49519  6.98%   214 2571s
 1218333 657173   95.46308   47  273   93.00000   99.49211  6.98%   214 2577s
 1220170 658005   95.34632   56  257   93.00000   99.49015  6.98%   214 2580s
 1223542 659836   96.29253   67  303   93.00000   99.48759  6.98%   214 2585s
 1226826 661392   97.20080   47  233   93.00000   99.48466  6.97%   214 2590s
 1230071 663100   96.12792   47  251   93.00000   99.48185  6.97%   214 2595s
 1233217 664764   97.80832   44  350   93.00000   99.47784  6.97%   214 2602s
 1236621 666423   94.33197   56   69   93.00000   99.47473  6.96%   214 2606s
 1239812 668234   97.08844   57  274   93.00000   99.47208  6.96%   214 2612s
 1241684 668880   96.66743   51  152   93.00000   99.47031  6.96%   214 2615s
 1244898 670583   96.78449   43  318   93.00000   99.46761  6.95%   214 2620s
 1248429 672308   97.90423   44  283   93.00000   99.46489  6.95%   214 2625s
 1251725 673954     cutoff   58        93.00000   99.46223  6.95%   214 2630s
 1254967 675596   96.39385   40  314   93.00000   99.45893  6.95%   214 2637s
 1258280 677187   98.54681   47  187   93.00000   99.45653  6.94%   214 2642s
 1261313 679002   98.14001   53  369   93.00000   99.45343  6.94%   214 2648s
 1263280 679785   97.71845   49  306   93.00000   99.45177  6.94%   214 2650s
 1266473 681082   94.17922   70  320   93.00000   99.44927  6.93%   214 2655s
 1269061 682723   96.75344   57  288   93.00000   99.44709  6.93%   214 2661s
 1272745 684368   98.24965   55  265   93.00000   99.44366  6.93%   213 2666s
 1274119 685258   99.34642   34  377   93.00000   99.44273  6.93%   213 2670s
 1277402 686844   97.67915   50  257   93.00000   99.43919  6.92%   213 2675s
 1280757 688516     cutoff   55        93.00000   99.43625  6.92%   213 2680s
 1284320 690217   95.39565   75  314   93.00000   99.43335  6.92%   213 2686s
 1287144 691744     cutoff   40        93.00000   99.43100  6.92%   213 2691s
 1290642 693442     cutoff   71        93.00000   99.42781  6.91%   213 2696s
 1294074 695106   96.30161   49  285   93.00000   99.42435  6.91%   213 2702s
 1295943 695983   94.35813   53  349   93.00000   99.42344  6.91%   213 2706s
 1299189 697463   97.98732   46  231   93.00000   99.42033  6.90%   213 2711s
 1302644 698747   96.82045   48  385   93.00000   99.41789  6.90%   213 2716s
 1304138 699735   95.17367   57  143   93.00000   99.41639  6.90%   213 2720s
 1307632 701423   96.34397   54  191   93.00000   99.41321  6.90%   213 2725s
 1310856 702897   95.13898   52  298   93.00000   99.41046  6.89%   213 2730s
 1314174 704476   97.85761   50  241   93.00000   99.40774  6.89%   213 2736s
 1315884 705157   97.78589   47  352   93.00000   99.40630  6.89%   213 2740s
 1319003 706894   97.19660   48  286   93.00000   99.40416  6.89%   213 2745s
 1322200 708515   98.16206   49  313   93.00000   99.40123  6.88%   213 2750s
 1325460 710203   95.23664   45  188   93.00000   99.39798  6.88%   213 2756s
 1328690 711761   95.50292   58  275   93.00000   99.39508  6.88%   213 2762s
 1332238 713472   95.42179   68  345   93.00000   99.39176  6.87%   213 2767s
 1335625 715289   96.74860   56  247   93.00000   99.38850  6.87%   213 2774s
 1337200 716139   94.16808   62  285   93.00000   99.38728  6.87%   213 2776s
 1340142 717537   96.95833   50  428   93.00000   99.38484  6.87%   213 2781s
 1343409 719193     cutoff   67        93.00000   99.38219  6.86%   213 2786s
 1346645 720938   96.19633   45  294   93.00000   99.37905  6.86%   213 2792s
 1350192 722489   96.40508   41  242   93.00000   99.37607  6.86%   212 2796s
 1353153 724060   98.11310   49  320   93.00000   99.37364  6.85%   212 2802s
 1356382 725877   95.55220   69  266   93.00000   99.37055  6.85%   212 2809s
 1358122 726777   97.22489   53  302   93.00000   99.36963  6.85%   212 2811s
 1361486 728465   95.18990   64  313   93.00000   99.36656  6.85%   212 2816s
 1364873 729814   96.16585   47  148   93.00000   99.36399  6.84%   212 2821s
 1367923 731645   98.30952   47  361   93.00000   99.36163  6.84%   212 2827s
 1371545 733166   95.71316   48  226   93.00000   99.35899  6.84%   212 2831s
 1374594 734628   97.56903   40  225   93.00000   99.35667  6.84%   212 2836s
 1377766 736320   98.62949   43  362   93.00000   99.35373  6.83%   212 2843s
 1379373 737065   98.27703   54  267   93.00000   99.35233  6.83%   212 2845s
 1382549 738426   98.32066   42  346   93.00000   99.35054  6.83%   212 2850s
 1385822 740147     cutoff   61        93.00000   99.34719  6.82%   212 2855s
 1389148 741770   97.86933   46  323   93.00000   99.34421  6.82%   212 2861s
 1392704 743290   95.78170   46  287   93.00000   99.34157  6.82%   212 2866s
 1395886 744721   96.13877   54  162   93.00000   99.33898  6.82%   212 2870s
 1399212 746431   96.19534   54  284   93.00000   99.33619  6.81%   212 2877s
 1400930 747145     cutoff   58        93.00000   99.33497  6.81%   212 2880s
 1405677 749598     cutoff   55        93.00000   99.33145  6.81%   212 2887s
 1408684 750952   97.32176   45  264   93.00000   99.32837  6.80%   212 2892s
 1410316 751969   97.58332   47  249   93.00000   99.32746  6.80%   212 2895s
 1413908 753544   98.40729   41  357   93.00000   99.32505  6.80%   212 2900s
 1416994 755175     cutoff   63        93.00000   99.32216  6.80%   212 2905s
 1420165 756506   96.95713   51  278   93.00000   99.31984  6.80%   211 2912s
 1423281 758032     cutoff   63        93.00000   99.31682  6.79%   211 2917s
 1426727 759662   97.47853   55  319   93.00000   99.31425  6.79%   211 2921s
 1430028 761292   94.38958   65  323   93.00000   99.31115  6.79%   211 2926s
 1431607 762042     cutoff   66        93.00000   99.30985  6.78%   211 2930s
 1434172 763883   94.72411   59  284   93.00000   99.30905  6.78%   211 2936s
 1438402 765686   94.76269   50  223   93.00000   99.30412  6.78%   211 2942s
 1440478 766547   95.63824   50  142   93.00000   99.30291  6.78%   211 2947s
 1444257 768080   94.77301   70  287   93.00000   99.30097  6.78%   211 2952s
 1447401 769689   98.06102   44  384   93.00000   99.29802  6.77%   211 2957s
 1450955 771354   97.44817   54  337   93.00000   99.29529  6.77%   211 2962s
 1452741 772341   96.16780   55  299   93.00000   99.29360  6.77%   211 2965s
 1456124 773894   96.20807   48  243   93.00000   99.29057  6.76%   211 2970s
 1459339 775524   96.16943   58  261   93.00000   99.28790  6.76%   211 2975s
 1460942 776225   95.42859   55  235   93.00000   99.28668  6.76%   211 2980s
 1464367 777803   97.64890   48  224   93.00000   99.28346  6.76%   211 2985s
 1467747 779317   97.28912   50  255   93.00000   99.28047  6.75%   211 2990s
 1470894 780941     cutoff   56        93.00000   99.27831  6.75%   211 2995s
 1474199 782636   95.55802   53  252   93.00000   99.27623  6.75%   211 3000s
 1477819 784005 infeasible   55        93.00000   99.27353  6.75%   211 3005s
 1481183 785410   94.69482   53  152   93.00000   99.27134  6.74%   211 3010s
 1484094 786908   96.39394   46  264   93.00000   99.26919  6.74%   211 3017s
 1487247 788648   97.10217   53  202   93.00000   99.26654  6.74%   211 3021s
 1490446 790152   95.63912   63  205   93.00000   99.26395  6.74%   210 3026s
 1493498 791685   98.50609   57  350   93.00000   99.26132  6.73%   210 3031s
 1496666 793392   95.66050   55  228   93.00000   99.25892  6.73%   210 3037s
 1499902 794926   97.11132   53  328   93.00000   99.25630  6.73%   210 3042s
 1503335 796522   94.65584   55  243   93.00000   99.25379  6.72%   210 3049s
 1504930 797254   96.41721   59  296   93.00000   99.25250  6.72%   210 3051s
 1508189 798489   97.72756   51  216   93.00000   99.25013  6.72%   210 3056s
 1511109 799995   98.19286   42  283   93.00000   99.24798  6.72%   210 3061s
 1514473 801671   94.12404   57  271   93.00000   99.24603  6.72%   210 3065s
 1517993 803491   94.77691   61  324   93.00000   99.24329  6.71%   210 3071s
 1521157 804971   94.38229   48  208   93.00000   99.24077  6.71%   210 3076s
 1524580 806365   94.22867   56  240   93.00000   99.23816  6.71%   210 3083s
 1525939 807181   97.67681   54  344   93.00000   99.23729  6.71%   210 3085s
 1529404 808681   95.63729   66  268   93.00000   99.23446  6.70%   210 3090s
 1532620 810206     cutoff   52        93.00000   99.23230  6.70%   210 3095s
 1535844 811889   94.35877   52  112   93.00000   99.23011  6.70%   210 3100s
 1539396 813641   97.34279   41  256   93.00000   99.22715  6.70%   210 3106s
 1542406 815093   97.71843   63  330   93.00000   99.22519  6.69%   210 3111s
 1545792 816668   97.72634   44  186   93.00000   99.22232  6.69%   210 3118s
 1547380 817457   94.52423   71  251   93.00000   99.22119  6.69%   210 3120s
 1550628 819232   95.00190   59  303   93.00000   99.21878  6.69%   210 3125s
 1553791 820617   94.34497   53  199   93.00000   99.21643  6.68%   210 3130s
 1556867 822292   97.90476   44  192   93.00000   99.21427  6.68%   210 3135s
 1560512 823882   95.97971   60  304   93.00000   99.21160  6.68%   210 3140s
 1563668 825496   95.66232   45  341   93.00000   99.20857  6.68%   210 3145s
 1566752 827142   95.81030   48  225   93.00000   99.20662  6.67%   210 3152s
 1568530 827913   97.34552   44  326   93.00000   99.20522  6.67%   210 3155s
 1571813 829501   98.23450   39  289   93.00000   99.20268  6.67%   210 3160s
 1575476 830952   94.73765   66  279   93.00000   99.20089  6.67%   209 3165s
 1578688 832362   96.94180   38  270   93.00000   99.19880  6.67%   209 3170s
 1582040 833977   96.03274   54  235   93.00000   99.19674  6.66%   209 3175s
 1586929 836146   95.41968   62  212   93.00000   99.19315  6.66%   209 3182s
 1588604 836864   97.87546   52  262   93.00000   99.19198  6.66%   209 3186s
 1591577 838267   94.45530   64  235   93.00000   99.19017  6.66%   209 3191s
 1594466 839758   97.71420   49  297   93.00000   99.18764  6.65%   209 3195s
 1597764 841280   94.90461   56  237   93.00000   99.18551  6.65%   209 3200s
 1600927 842927   94.09856   43  170   93.00000   99.18343  6.65%   209 3206s
 1604546 844536   96.62589   55  293   93.00000   99.18096  6.65%   209 3210s
 1607297 845953   97.77827   46  277   93.00000   99.17900  6.64%   209 3215s
 1608988 846651   97.25497   58  327   93.00000   99.17792  6.64%   209 3220s
 1612400 848261   97.66160   38  363   93.00000   99.17538  6.64%   209 3225s
 1615660 849315   97.19103   50  318   93.00000   99.17268  6.64%   209 3231s
 1618498 850950   96.58166   47  295   93.00000   99.17095  6.64%   209 3235s
 1621602 852592   98.61582   56  374   93.00000   99.16907  6.63%   209 3241s
 1625365 853921   96.07661   51  173   93.00000   99.16721  6.63%   209 3246s
 1628491 855457   97.32059   62  226   93.00000   99.16471  6.63%   209 3250s
 1630030 856153   97.38297   43  217   93.00000   99.16363  6.63%   209 3255s
 1634486 857626   94.29988   76  268   93.00000   99.16049  6.62%   209 3262s
 1634503 857671     cutoff   77        93.00000   99.16049  6.62%   209 3265s
 1636006 859053   96.23519   60  359   93.00000   99.15997  6.62%   209 3272s
 1639207 860724   97.91714   51  257   93.00000   99.15816  6.62%   209 3277s
 1640895 861554   94.10628   57  294   93.00000   99.15739  6.62%   209 3280s
 1644681 863084   96.95805   48  209   93.00000   99.15379  6.62%   209 3286s
 1646047 864019   96.69392   46  183   93.00000   99.15272  6.62%   209 3291s
 1649719 865714   94.33859   48  358   93.00000   99.15037  6.61%   209 3296s
 1653224 867212   98.15329   44  325   93.00000   99.14725  6.61%   209 3301s
 1656429 868835   98.41075   45  331   93.00000   99.14495  6.61%   209 3306s
 1659787 870322   97.04562   40  249   93.00000   99.14258  6.60%   208 3310s
 1662956 871752   96.88534   51  255   93.00000   99.14044  6.60%   208 3315s
 1666273 873453   95.21833   51  219   93.00000   99.13801  6.60%   208 3323s
 1667883 874246   98.51581   63  388   93.00000   99.13689  6.60%   208 3326s
 1671321 875722   97.15693   57  286   93.00000   99.13476  6.60%   208 3331s
 1674448 877052   94.82375   61  139   93.00000   99.13223  6.59%   208 3336s
 1677977 878503   96.83986   55  256   93.00000   99.13019  6.59%   208 3340s
 1681271 879891     cutoff   53        93.00000   99.12802  6.59%   208 3345s
 1684616 881274   95.72294   55  252   93.00000   99.12623  6.59%   208 3350s
 1688061 882969   97.18046   55  281   93.00000   99.12369  6.58%   208 3358s
 1689651 883813   94.83267   56  317   93.00000   99.12268  6.58%   208 3360s
 1692950 885480   96.41946   50  159   93.00000   99.12048  6.58%   208 3365s
 1696206 886783   97.79876   42  358   93.00000   99.11802  6.58%   208 3370s
 1699207 888531   95.41686   51  163   93.00000   99.11603  6.58%   208 3375s
 1704252 890857   97.80116   45  257   93.00000   99.11266  6.57%   208 3381s
 1707696 892413   95.09010   53  216   93.00000   99.11061  6.57%   208 3387s
 1709331 893202   95.34577   47  358   93.00000   99.10968  6.57%   208 3392s
 1711121 894094   96.34278   55  290   93.00000   99.10837  6.57%   208 3395s
 1714598 895717   97.66072   46  311   93.00000   99.10593  6.57%   208 3400s
 1718009 897385   96.69961   52  278   93.00000   99.10349  6.56%   208 3405s
 1721140 898861   96.04951   60  180   93.00000   99.10162  6.56%   208 3410s
 1726276 901190   97.14999   46  236   93.00000   99.09806  6.56%   208 3417s
 1729678 902909     cutoff   54        93.00000   99.09584  6.55%   208 3423s
 1731541 903690   97.16362   64  350   93.00000   99.09464  6.55%   208 3427s
 1733346 904299   94.43113   62  124   93.00000   99.09385  6.55%   208 3430s
 1736310 905931   94.97445   56  186   93.00000   99.09179  6.55%   208 3435s
 1741228 908245   95.49193   52  329   93.00000   99.08864  6.55%   208 3442s
 1744581 909363   95.38471   51  205   93.00000   99.08667  6.54%   207 3446s
 1747223 910937     cutoff   50        93.00000   99.08476  6.54%   207 3451s
 1750331 912360   94.59769   42  262   93.00000   99.08274  6.54%   207 3457s
 1752275 913093   97.05541   53  267   93.00000   99.08160  6.54%   207 3462s
 1755592 914491   94.96919   48  254   93.00000   99.07983  6.54%   207 3467s
 1758758 915919   94.27009   56  172   93.00000   99.07780  6.54%   207 3471s
 1761877 917473   96.70143   67  221   93.00000   99.07593  6.53%   207 3476s
 1764771 918871   97.22924   47  316   93.00000   99.07391  6.53%   207 3480s
 1768185 920380   94.80558   51  341   93.00000   99.07186  6.53%   207 3485s
 1771604 921967   97.51554   58  174   93.00000   99.06945  6.53%   207 3491s
 1773398 922807   94.32357   56  224   93.00000   99.06857  6.53%   207 3496s
 1776958 924297   94.84966   47  290   93.00000   99.06687  6.52%   207 3500s
 1780172 925725   95.76072   55  437   93.00000   99.06497  6.52%   207 3505s
 1783112 927318   96.21326   47  251   93.00000   99.06336  6.52%   207 3510s
 1788142 929633   98.37661   56  322   93.00000   99.06081  6.52%   207 3517s
 1791702 931152   94.99537   51  183   93.00000   99.05857  6.51%   207 3521s
 1793242 932143   95.22674   53  285   93.00000   99.05767  6.51%   207 3525s
 1795126 932894   96.68987   55  261   93.00000   99.05661  6.51%   207 3530s
 1800063 935215   95.74031   57  248   93.00000   99.05393  6.51%   207 3537s
 1803244 936613   94.13911   66  249   93.00000   99.05216  6.51%   207 3541s
 1806449 938064   95.42522   52  287   93.00000   99.05012  6.51%   207 3546s
 1809916 939605   95.92624   53  222   93.00000   99.04816  6.50%   207 3550s
 1813330 940946   97.66248   54  275   93.00000   99.04631  6.50%   207 3555s
 1816510 942475   97.44719   67  322   93.00000   99.04428  6.50%   207 3561s
 1818037 943265   96.77636   55  361   93.00000   99.04325  6.50%   207 3566s
 1821542 944855   94.07389   44  172   93.00000   99.04177  6.50%   207 3571s
 1824847 946414   98.22947   44  332   93.00000   99.03947  6.49%   207 3575s
 1827788 947850   98.49775   47  362   93.00000   99.03784  6.49%   207 3580s
 1831073 949467   97.87681   53  268   93.00000   99.03574  6.49%   206 3585s
 1834343 950875   95.62246   55  258   93.00000   99.03385  6.49%   206 3590s
 1837864 952341   95.83663   56  334   93.00000   99.03166  6.49%   206 3595s
 1839493 952928   97.00978   48  324   93.00000   99.03051  6.48%   206 3600s

Cutting planes:
  Gomory: 113
  Cover: 674
  Implied bound: 118
  Dual implied bound: 89
  Clique: 2
  MIR: 292
  Knapsack: 1
  StrongCG: 150
  Flow cover: 116
  GUB cover: 55
  Inf proof: 1
  Zero half: 35
  Mod-K: 38
  RLT: 217
  Relax-and-lift: 2

Explored 1840750 nodes (379946451 simplex iterations) in 3600.01 seconds (8396.40 work units)
Thread count was 16 (of 16 available processors)

Solution count 4: 93 91 90 89 

Time limit reached
Best objective 9.300000000000e+01, best bound 9.900000000000e+01, gap 6.4516%
