
Gurobi 13.0.3 (linux64) logging started Sun Sep 13 05:44:37 2026

Set parameter LogFile to value "Logs/Gurobi/dags_m0075_s1.txt"
Gurobi Optimizer version 13.0.3 build v13.0.3rc0 (linux64 - "Ubuntu 24.04.4 LTS")

CPU model: AMD Ryzen 7 7700 8-Core Processor, instruction set [SSE2|AVX|AVX2|AVX512]
Thread count: 8 physical cores, 16 logical processors, using up to 16 threads

Non-default parameters:
TimeLimit  3600
LogToConsole  0

Academic license 2863599 - for non-commercial use only - registered to be___@usm.cl
Optimize a model with 29147 rows, 15975 columns and 62397 nonzeros (Max)
Model fingerprint: 0x5ae58a57
Model has 14534 linear objective coefficients
Variable types: 14534 continuous, 1441 integer (1441 binary)
Coefficient statistics:
  Matrix range     [1e+00, 5e+01]
  Objective range  [1e+00, 7e+00]
  Bounds range     [1e+00, 1e+00]
  RHS range        [1e+00, 1e+00]

Warning: Completing partial solution with 1366 unfixed non-continuous variables out of 1441
User MIP start produced solution with objective 184 (0.01s)
Loaded user MIP start with objective 184

Presolve removed 77 rows and 40 columns
Presolve time: 0.08s
Presolved: 29070 rows, 15935 columns, 62168 nonzeros
Variable types: 14497 continuous, 1438 integer (1438 binary)

Root simplex log...

Iteration    Objective       Primal Inf.    Dual Inf.      Time
   35742    1.0010280e+03   5.269837e+02   0.000000e+00      5s
   44079    9.9748296e+02   0.000000e+00   0.000000e+00      8s

Root relaxation: objective 9.974830e+02, 44079 iterations, 7.56 seconds (18.80 work units)

    Nodes    |    Current Node    |     Objective Bounds      |     Work
 Expl Unexpl |  Obj  Depth IntInf | Incumbent    BestBd   Gap | It/Node Time

     0     0  997.48296    0 1301  184.00000  997.48296   442%     -    7s
H    0     0                     189.0000000  997.48296   428%     -    8s
H    0     0                     190.0000000  997.48296   425%     -    9s
H    0     0                     191.0000000  997.48296   422%     -    9s
H    0     0                     192.0000000  997.48296   420%     -    9s
H    0     0                     193.0000000  997.48296   417%     -    9s
H    0     0                     195.0000000  997.30134   411%     -   15s
H    0     0                     196.0000000  997.30134   409%     -   15s
     0     0  609.82649    0 1206  196.00000  609.82649   211%     -   43s
H    0     0                     198.0000000  411.00297   108%     -   65s
     0     0  411.00297    0  932  198.00000  411.00297   108%     -   65s
     0     0  363.94038    0 1053  198.00000  363.94038  83.8%     -   83s
     0     0  362.53275    0 1023  198.00000  362.53275  83.1%     -   86s
     0     0  362.53013    0 1021  198.00000  362.53013  83.1%     -   86s
     0     0  293.86419    0 1030  198.00000  293.86419  48.4%     -  100s
     0     0  293.71423    0 1061  198.00000  293.71423  48.3%     -  103s
     0     0  292.87663    0 1072  198.00000  292.87663  47.9%     -  110s
     0     0  292.87145    0 1072  198.00000  292.87145  47.9%     -  111s
     0     0  292.87145    0 1072  198.00000  292.87145  47.9%     -  111s
H    0     0                     199.0000000  292.87145  47.2%     -  130s
H    0     0                     200.0000000  292.87145  46.4%     -  135s
H    0     0                     201.0000000  292.87145  45.7%     -  152s
     0     2  292.87145    0 1072  201.00000  292.87145  45.7%     -  154s
     1     3  292.74958    1 1068  201.00000  292.87145  45.7%  1598  159s
     2     5  292.39678    2 1079  201.00000  292.87145  45.7%  2812  164s
     4    10  292.20353    3 1050  201.00000  292.74906  45.6%  2223  169s
H    9    16                     203.0000000  292.20332  43.9%  3374  177s
H   11    16                     204.0000000  292.20184  43.2%  3262  177s
    15    24  291.82288    5 1084  204.00000  292.20184  43.2%  3532  182s
    23    31  291.77664    6 1068  204.00000  292.20184  43.2%  3867  192s
    30    39  291.68566    7 1063  204.00000  292.20184  43.2%  4147  199s
    38    47  287.90993    8 1047  204.00000  292.20184  43.2%  4349  207s
    46    60  291.55207    8 1066  204.00000  292.20184  43.2%  4081  217s
    59    77  291.34457   10 1067  204.00000  292.20184  43.2%  3657  228s
    76    91  291.05519   15 1097  204.00000  292.20184  43.2%  3186  234s
    90   104  290.79048   18 1097  204.00000  292.20184  43.2%  2946  244s
H  100   104                     205.0000000  292.20184  42.5%  2918  244s
   103   133  290.30135   20 1057  205.00000  292.20184  42.5%  2884  252s
   132   141  290.14162   22 1061  205.00000  292.20184  42.5%  2786  257s
H  135   141                     206.0000000  292.20184  41.8%  2740  257s
   140   166  289.96314   23 1059  206.00000  292.20184  41.8%  2697  265s
   165   200  289.91596   24 1058  206.00000  292.20184  41.8%  2614  273s
   199   224  289.71453   29 1087  206.00000  292.20184  41.8%  2434  281s
   223   250  289.43387   32 1047  206.00000  292.20184  41.8%  2329  286s
   249   273  289.23183   35 1062  206.00000  292.20184  41.8%  2232  292s
   272   302  288.90899   37 1066  206.00000  292.20184  41.8%  2180  298s
   301   325  288.57853   40 1058  206.00000  292.20184  41.8%  2097  306s
   324   365  288.38810   43 1035  206.00000  292.20184  41.8%  2059  311s
   364   392  288.19760   47 1053  206.00000  292.20184  41.8%  1947  316s
   391   400  287.76705   51 1052  206.00000  292.20184  41.8%  1943  322s
   399   408  287.71287   52 1057  206.00000  292.20184  41.8%  1927  327s
   407   416  287.67114   53 1040  206.00000  292.20184  41.8%  1921  335s
   415   424  287.58029   54 1044  206.00000  292.20184  41.8%  1912  341s
   423   432  287.30569   55 1023  206.00000  292.20184  41.8%  1928  349s
   431   440  286.21459   55  932  206.00000  292.20184  41.8%  1949  356s
   439   448  287.27227   56  980  206.00000  292.20184  41.8%  1948  371s
   447   456  287.21383   57 1021  206.00000  292.20184  41.8%  1944  383s
   455   464  284.83102   57  931  206.00000  292.20184  41.8%  1953  389s
   463   472  287.09762   58 1021  206.00000  292.20184  41.8%  1968  396s
   471   480  286.97096   59 1007  206.00000  292.20184  41.8%  1976  406s
   479   488  286.91344   60 1017  206.00000  292.20184  41.8%  1975  412s
   487   496  286.85728   61 1018  206.00000  292.20184  41.8%  1982  426s
   495   504  286.73670   62 1019  206.00000  292.20184  41.8%  1978  431s
   503   512  286.63922   63 1006  206.00000  292.20184  41.8%  1984  437s
   511   520  286.58018   64 1012  206.00000  292.20184  41.8%  1980  443s
   519   528  286.54448   65 1007  206.00000  292.20184  41.8%  1977  449s
   527   536  286.50992   66 1004  206.00000  292.20184  41.8%  1995  456s
   535   544  286.45926   67  977  206.00000  292.20184  41.8%  2011  463s
   543   552  286.23655   68 1003  206.00000  292.20184  41.8%  2008  471s
   551   560  284.25871   68  974  206.00000  292.20184  41.8%  2035  478s
   559   568  286.06875   69 1021  206.00000  292.20184  41.8%  2045  485s
   567   576  285.95088   70 1027  206.00000  292.20184  41.8%  2037  492s
   575   584  285.91006   71 1021  206.00000  292.20184  41.8%  2033  500s
   583   592  285.87663   72 1005  206.00000  292.20184  41.8%  2031  507s
   591   600  285.76118   73 1012  206.00000  292.20184  41.8%  2035  515s
   599   608  283.64371   73  941  206.00000  292.20184  41.8%  2031  523s
   607   616  285.70151   74 1014  206.00000  292.20184  41.8%  2055  532s
   615   624  285.63993   75  993  206.00000  292.20184  41.8%  2052  541s
   623   646  285.49077   76 1004  206.00000  292.20184  41.8%  2050  556s
   645   687  285.37495   77 1020  206.00000  292.20184  41.8%  2079  570s
   686   707  285.30979   78 1007  206.00000  292.20184  41.8%  2031  583s
   706   718  285.16652   79 1006  206.00000  292.20184  41.8%  2052  594s
   717   750  285.08222   80 1018  206.00000  292.20184  41.8%  2060  607s
   749   767  284.97466   81 1013  206.00000  292.20184  41.8%  2074  622s
   766   800  284.90126   82 1016  206.00000  292.20184  41.8%  2106  633s
   799   828  284.53090   83 1002  206.00000  292.20184  41.8%  2133  645s
   827   865  284.42904   84 1008  206.00000  292.20184  41.8%  2138  658s
   864   941  284.33438   85  990  206.00000  292.20184  41.8%  2138  675s
   940   969  282.81881   98  964  206.00000  292.20184  41.8%  2121  694s
   968  1059  282.29862  101  956  206.00000  292.20184  41.8%  2113  714s
  1058  1148  280.95998  112  965  206.00000  292.20184  41.8%  2094  736s
  1147  1232  278.77416  128  940  206.00000  292.20184  41.8%  2084  755s
  1231  1333  277.22138  138  944  206.00000  292.20184  41.8%  2102  772s
  1332  1431  275.50645  149  920  206.00000  292.20184  41.8%  2118  789s
  1430  1537  273.56626  162  878  206.00000  292.20184  41.8%  2145  806s
  1536  1674  272.07861  171  902  206.00000  292.20184  41.8%  2160  825s
  1673  1823  269.89432  187  813  206.00000  292.20184  41.8%  2147  843s
  1822  1967  268.27140  204  815  206.00000  292.20184  41.8%  2122  863s
  1966  2093  266.25747  219  756  206.00000  292.20184  41.8%  2118  883s
  2092  2260  264.19820  230  779  206.00000  292.20184  41.8%  2137  903s
  2259  2437  260.68797  249  692  206.00000  292.20184  41.8%  2126  924s
  2436  2638  258.27170  269  725  206.00000  292.20184  41.8%  2109  945s
  2637  2849  255.65321  290  681  206.00000  292.20184  41.8%  2084  966s
  2848  2857  252.87494  317  645  206.00000  292.20184  41.8%  2063  987s
H 2852  2857                     207.0000000  292.20184  41.2%  2061  987s
  2856  3076  251.60463  317  597  207.00000  292.20184  41.2%  2065 1008s
  3075  3295  249.11437  339  623  207.00000  292.20184  41.2%  2051 1031s
  3294  3570  245.37335  360  634  207.00000  292.20184  41.2%  2048 1052s
  3569  3899  240.70327  392  576  207.00000  292.20184  41.2%  2022 1075s
  3898  4316  233.50080  419  468  207.00000  292.20184  41.2%  1985 1098s
  4329  4337  228.84555  445  476  207.00000  292.20184  41.2%  1914 1121s
  4366  4436  225.45897  445  471  207.00000  292.20184  41.2%  1910 1143s
  4474  4437  283.53587   50 1072  207.00000  292.20184  41.2%  1902 1412s
H 4475  4216                     208.0000000  289.62524  39.2%  1901 2013s
H 4475  4005                     210.0000000  289.62524  37.9%  1901 2013s
H 4475  3805                     211.0000000  289.62524  37.3%  1901 2013s
H 4475  3614                     212.0000000  289.62524  36.6%  1901 2013s
  4476  3614  281.26830   69 1301  212.00000  287.68845  35.7%  1901 2016s
  4477  3615  247.90012  231 1214  212.00000  287.64715  35.7%  1900 2041s
  4478  3616  217.47047  503  993  212.00000  287.56996  35.6%  1900 2065s
  4479  3616  250.09663  325  877  212.00000  287.55038  35.6%  1900 2083s
  4480  3617  237.21750  411 1082  212.00000  287.46534  35.6%  1899 2101s
  4481  3618  224.93611  470 1091  212.00000  287.46471  35.6%  1899 2110s
  4482  3618  235.53872  376 1204  212.00000  287.45092  35.6%  1898 2116s
  4485  3620  260.84790  218 1124  212.00000  287.38876  35.6%  1897 2125s
  4486  3621  287.34474   14 1195  212.00000  287.38696  35.6%  1897 2134s
  4487  3622  243.56448  337 1202  212.00000  287.37404  35.6%  1896 2136s
  4489  3623  274.42867  155 1205  212.00000  287.36438  35.5%  1895 2140s
  4490  3624  275.79111  107 1177  212.00000  287.36438  35.5%  1895 2160s
  4491  3624  212.33313  520 1148  212.00000  287.33651  35.5%  1895 2166s
  4494  3626  238.95666  357 1148  212.00000  287.33176  35.5%  1893 2170s
  4495  3627  263.83682  180 1202  212.00000  287.28204  35.5%  1893 2179s
  4496  3628  227.56666  431 1186  212.00000  287.24171  35.5%  1892 2182s
  4499  3630  221.12661  469 1196  212.00000  287.22391  35.5%  1891 2186s
  4500  3630  222.82744  442 1144  212.00000  286.81425  35.3%  1891 2204s
  4501  3631  271.92935  159 1150  212.00000  286.73499  35.3%  1890 2211s
  4504  3633  286.71424   14 1155  212.00000  286.71424  35.2%  1889 2217s
  4505  3634  240.20286  376 1210  212.00000  286.16966  35.0%  1889 2234s
  4506  3634  269.66572  147 1229  212.00000  286.08236  34.9%  1888 2239s
  4507  3635  280.35945   41 1226  212.00000  286.06427  34.9%  1888 2240s
  4509  3636  224.60324  454 1167  212.00000  285.65286  34.7%  1887 2260s
  4510  3637  262.63499  225 1161  212.00000  285.54032  34.7%  1887 2267s
  4512  3638  261.70495  212 1176  212.00000  285.50928  34.7%  1886 2273s
H 4512  3456                     213.0000000  285.18890  33.9%  1886 2283s
H 4512  3282                     214.0000000  285.18890  33.3%  1886 2284s
  4514  3284  235.40214  379 1167  214.00000  285.10614  33.2%  1885 2288s
  4516  3285  281.33656   95 1160  214.00000  285.08077  33.2%  1884 2290s
  4518  3286  261.51973  167 1217  214.00000  284.73327  33.1%  1883 2312s
  4519  3287  231.23817  426 1207  214.00000  284.61380  33.0%  1883 2319s
  4520  3288  223.02021  448 1218  214.00000  284.58275  33.0%  1882 2321s
  4522  3289  225.74829  451 1223  214.00000  284.57609  33.0%  1882 2327s
  4523  3290  249.05261  224 1172  214.00000  284.20395  32.8%  1881 2340s
  4525  3291  217.69352  509 1222  214.00000  284.08980  32.8%  1880 2346s
  4527  3292  214.51010  509 1228  214.00000  284.08084  32.7%  1880 2351s
H 4527  3127                     215.0000000  283.72428  32.0%  1880 2359s
  4528  3128  229.25765  442 1244  215.00000  283.72320  32.0%  1879 2367s
  4529  3129  232.77264  407 1249  215.00000  283.63573  31.9%  1879 2372s
  4531  3130  265.43775  224 1236  215.00000  283.61536  31.9%  1878 2375s
  4532  3131  260.58031  238 1239  215.00000  283.61349  31.9%  1877 2380s
  4533  3131  230.10594  423 1251  215.00000  283.24439  31.7%  1877 2397s
  4534  3132  237.24975  365 1254  215.00000  283.16268  31.7%  1877 2401s
  4537  3134  267.92698  206 1261  215.00000  283.13644  31.7%  1875 2409s
  4538  3135  243.82814  366 1262  215.00000  282.74630  31.5%  1875 2430s
  4539  3135  278.82083  113 1263  215.00000  282.66580  31.5%  1875 2437s
  4541  3137  275.33297   73 1262  215.00000  282.62758  31.5%  1874 2441s
  4542  3137  240.44642  394 1265  215.00000  282.62508  31.5%  1873 2448s
  4543  3138  242.14624  372 1249  215.00000  282.33561  31.3%  1873 2464s
  4544  3139  263.06297  223 1272  215.00000  282.26171  31.3%  1872 2469s
  4545  3139  218.10690  506 1267  215.00000  282.23850  31.3%  1872 2471s
  4547  3141  268.15978  164 1268  215.00000  282.22757  31.3%  1871 2478s
  4548  3141  230.85746  415 1269  215.00000  281.92553  31.1%  1871 2491s
  4550  3143  268.63529  182 1273  215.00000  281.86475  31.1%  1870 2496s
  4552  3144  271.58228  174 1271  215.00000  281.85830  31.1%  1869 2501s
  4553  3145  277.93196  102 1287  215.00000  281.83956  31.1%  1869 2516s
  4554  3145  256.00950  238 1284  215.00000  281.83618  31.1%  1868 2521s
  4555  3146  241.17329  342 1286  215.00000  281.83508  31.1%  1868 2525s
  4558  3148  263.47403  198 1266  215.00000  281.82123  31.1%  1867 2533s
  4559  3149  281.82060   28 1268  215.00000  281.82060  31.1%  1866 2535s
  4562  3151  244.86950  312 1285  215.00000  281.81981  31.1%  1865 2540s
  4567  3155  244.68184  328 1301  215.00000  281.77813  31.1%  1963 2957s
  4568  3156  281.77813   45 1215  215.00000  281.77813  31.1%  1963 2986s
  4569  3157  281.77813   57  993  215.00000  281.77813  31.1%  1962 3008s
  4570  3157  225.45334  446  830  215.00000  281.77813  31.1%  1962 3025s
  4571  3158  228.37907  430  981  215.00000  281.77813  31.1%  1961 3037s
  4572  3159  241.12796  387 1120  215.00000  281.77813  31.1%  1961 3058s
  4573  3159  245.81957  347 1195  215.00000  281.77813  31.1%  1961 3069s
  4574  3160  281.77813   50 1160  215.00000  281.77813  31.1%  1960 3082s
  4575  3161  274.32602  124 1204  215.00000  281.77813  31.1%  1960 3092s
  4576  3161  281.26830   69 1207  215.00000  281.77813  31.1%  1959 3100s
  4577  3162  247.90012  231 1257  215.00000  281.77813  31.1%  1959 3105s
  4580  3164  237.21750  411 1274  215.00000  281.77813  31.1%  1958 3113s
  4581  3165  224.93611  470 1276  215.00000  281.49534  30.9%  1957 3128s
  4582  3165  235.53872  376 1261  215.00000  281.45470  30.9%  1957 3131s
  4584  3167  241.07121  388 1260  215.00000  281.44787  30.9%  1956 3137s
  4585  3167  260.84790  218 1266  215.00000  281.15884  30.8%  1955 3163s
  4586  3168  281.11399   14 1255  215.00000  281.11399  30.8%  1955 3170s
  4588  3169  259.55843  247 1256  215.00000  281.10384  30.7%  1954 3177s
  4589  3170  274.42867  155 1260  215.00000  280.87192  30.6%  1954 3191s
  4590  3171  275.79111  107 1267  215.00000  280.82268  30.6%  1953 3195s
  4592  3172  278.71924   81 1270  215.00000  280.81247  30.6%  1952 3204s
  4593  3173  250.56567  279 1281  215.00000  280.55974  30.5%  1952 3226s
  4594  3173  238.95666  357 1292  215.00000  280.50292  30.5%  1952 3235s
  4597  3175  267.39279  144 1284  215.00000  280.36323  30.4%  1950 3256s
  4598  3176  279.80897  120 1289  215.00000  280.33402  30.4%  1950 3264s
  4599  3177  221.12661  469 1287  215.00000  280.32629  30.4%  1949 3266s
  4601  3178  271.92935  159 1289  215.00000  280.32191  30.4%  1949 3276s
  4602  3179  233.09367  378 1287  215.00000  280.32150  30.4%  1948 3281s
  4604  3180  280.31974   14 1287  215.00000  280.31974  30.4%  1947 3285s
  4605  3181  240.20286  376 1287  215.00000  280.31944  30.4%  1947 3292s
  4606  3181  269.66572  147 1285  215.00000  280.31923  30.4%  1947 3296s
  4608  3183  259.07589  184 1289  215.00000  280.31821  30.4%  1946 3300s
  4609  3183  224.60324  454 1288  215.00000  280.31821  30.4%  1945 3306s
  4612  3185  261.70495  212 1284  215.00000  280.31723  30.4%  1944 3322s
  4613  3186  270.36967  141 1284  215.00000  280.31723  30.4%  1944 3452s
  4614  3189  280.29561   31 1283  215.00000  280.31705  30.4%  2022 3462s
  4615  3190  279.84932   32 1253  215.00000  280.31705  30.4%  2023 3475s
  4617  3193  279.82071   33 1248  215.00000  280.31705  30.4%  2026 3493s
  4620  3199  279.77745   34 1261  215.00000  279.84909  30.2%  2029 3526s
  4627  3204  279.70076   35 1263  215.00000  279.77744  30.1%  2043 3561s
  4635  3208  278.76710   36 1237  215.00000  279.70075  30.1%  2052 3591s
  4641  3211  278.73053   37 1236  215.00000  279.70075  30.1%  2060 3600s

Cutting planes:
  Lift-and-project: 1232
  Cover: 1
  MIR: 245
  StrongCG: 3
  Flow cover: 217
  RLT: 1422
  BQP: 1

Explored 4646 nodes (9798627 simplex iterations) in 3600.02 seconds (8875.39 work units)
Thread count was 16 (of 16 available processors)

Solution count 10: 215 214 213 ... 205

Time limit reached
Best objective 2.150000000000e+02, best bound 2.790000000000e+02, gap 29.7674%
