
Gurobi 13.0.3 (linux64) logging started Sun Sep 13 02:44:34 2026

Set parameter LogFile to value "Logs/Gurobi/dags_m0050_s1.txt"
Gurobi Optimizer version 13.0.3 build v13.0.3rc0 (linux64 - "Ubuntu 24.04.4 LTS")

CPU model: AMD Ryzen 7 7700 8-Core Processor, instruction set [SSE2|AVX|AVX2|AVX512]
Thread count: 8 physical cores, 16 logical processors, using up to 16 threads

Non-default parameters:
TimeLimit  3600
LogToConsole  0

Academic license 2863599 - for non-commercial use only - registered to be___@usm.cl
Optimize a model with 6954 rows, 4132 columns and 15816 nonzeros (Max)
Model fingerprint: 0x367ee7e1
Model has 3436 linear objective coefficients
Variable types: 3436 continuous, 696 integer (696 binary)
Coefficient statistics:
  Matrix range     [1e+00, 5e+01]
  Objective range  [1e+00, 5e+00]
  Bounds range     [1e+00, 1e+00]
  RHS range        [1e+00, 1e+00]

Warning: Completing partial solution with 646 unfixed non-continuous variables out of 696
User MIP start produced solution with objective 115 (0.00s)
Loaded user MIP start with objective 115

Presolve removed 317 rows and 160 columns
Presolve time: 0.11s
Presolved: 6637 rows, 3972 columns, 15132 nonzeros
Variable types: 0 continuous, 3972 integer (3972 binary)

Root relaxation: objective 3.392725e+02, 9210 iterations, 0.37 seconds (0.93 work units)

    Nodes    |    Current Node    |     Objective Bounds      |     Work
 Expl Unexpl |  Obj  Depth IntInf | Incumbent    BestBd   Gap | It/Node Time

     0     0  339.27254    0 3525  115.00000  339.27254   195%     -    0s
     0     0  174.43241    0 1384  115.00000  174.43241  51.7%     -    3s
     0     0  148.03145    0 1125  115.00000  148.03145  28.7%     -    4s
     0     0  147.86948    0 1056  115.00000  147.86948  28.6%     -    4s
     0     0  147.82847    0 1097  115.00000  147.82847  28.5%     -    4s
     0     0  144.13638    0 1068  115.00000  144.13638  25.3%     -    5s
     0     0  143.73881    0 1092  115.00000  143.73881  25.0%     -    5s
     0     0  143.67273    0 1118  115.00000  143.67273  24.9%     -    5s
     0     0  142.81698    0 1000  115.00000  142.81698  24.2%     -    6s
     0     0  142.81698    0 1000  115.00000  142.81698  24.2%     -    6s
     0     0  142.81698    0 1000  115.00000  142.81698  24.2%     -    6s
     0     2  142.81514    0 1000  115.00000  142.81514  24.2%     -   12s
     3     8  142.16158    2 1072  115.00000  142.42420  23.8%  1109   16s
   181   198  134.05048   18 1028  115.00000  142.02651  23.5%   699   20s
   624   533  133.43278   13  753  115.00000  140.44280  22.1%   499   25s
  1163   995  130.07252   10  700  115.00000  140.13641  21.9%   459   30s
  1666  1347  125.40653   54 1000  115.00000  139.90936  21.7%   433   40s
  1669  1349  134.34403   22 1178  115.00000  139.90936  21.7%   432   46s
  1680  1356  116.99987   31 1167  115.00000  139.90936  21.7%   429   50s
  1697  1368  125.76507   22 1075  115.00000  139.90086  21.7%   425   58s
  1704  1381  139.61560   12 1102  115.00000  139.69321  21.5%   458   60s
  1881  1509  137.64505   21 1059  115.00000  139.40979  21.2%   518   65s
  2028  1608  136.78067   26  988  115.00000  139.40979  21.2%   558   70s
  2264  1781  130.57437   32  669  115.00000  139.40979  21.2%   595   75s
  2559  1988  131.89706   36  813  115.00000  138.28403  20.2%   602   80s
  3152  2307  129.44380   42  837  115.00000  137.85744  19.9%   591   85s
  3862  2539  127.37693   50  670  115.00000  136.90937  19.1%   571   90s
  4225  2829  124.09859   53  658  115.00000  136.90937  19.1%   568   96s
  4721  3146  124.31158   62  745  115.00000  136.90937  19.1%   573  100s
  5413  3448  120.65134   77  614  115.00000  136.24691  18.5%   567  106s
  6068  3811  128.25117   26  649  115.00000  135.58611  17.9%   565  111s
  6530  4251  121.54442   37  369  115.00000  135.58611  17.9%   564  116s
  7129  4608  127.74161   32  570  115.00000  135.58611  17.9%   555  120s
  7965  5316  123.91238   37  550  115.00000  135.36551  17.7%   547  125s
  8578  6016  129.07195   35  704  115.00000  135.36551  17.7%   540  130s
  9355  6491  119.16413   80  764  115.00000  135.21327  17.6%   535  135s
 10068  7100  126.05176   32  690  115.00000  135.21327  17.6%   536  140s
 10899  8031  120.18016   61  454  115.00000  135.21327  17.6%   534  145s
 11529  8249  125.95861   25  705  115.00000  135.21327  17.6%   526  150s
 12450  9183  122.50367   58  573  115.00000  133.76639  16.3%   522  155s
 13418  9629  127.03405   41  716  115.00000  133.76639  16.3%   516  162s
 13544 10048  123.04156   49  753  115.00000  133.76639  16.3%   516  165s
 14544 10779  124.07527   43  724  115.00000  133.76639  16.3%   516  172s
 14930 11205  129.65642   25  759  115.00000  133.76639  16.3%   524  175s
 16167 12269  123.47053   42  436  115.00000  133.76639  16.3%   529  185s
 17628 13444  129.36283   32  743  115.00000  133.25379  15.9%   526  193s
 18249 14012  123.87550   52  598  115.00000  133.25379  15.9%   528  197s
 19023 14421  116.92729   67  527  115.00000  133.11946  15.8%   529  202s
 19672 14969  126.42041   33  499  115.00000  132.95438  15.6%   534  207s
 20422 15590  128.55186   32  734  115.00000  132.92090  15.6%   539  212s
 21469 16060  131.54244   32  877  115.00000  132.83892  15.5%   538  219s
 22232 16732  130.84145   23  706  115.00000  132.83892  15.5%   536  223s
 23048 17461  120.99465   55  729  115.00000  132.83892  15.5%   533  228s
 23900 17934  117.16492   42  515  115.00000  132.83892  15.5%   531  233s
 24562 18403  119.19581   40  517  115.00000  132.68728  15.4%   532  238s
 25135 19149  126.87612   43  760  115.00000  132.68728  15.4%   532  243s
 26062 19989  121.66178   53  551  115.00000  132.50839  15.2%   531  249s
 27071 20973  122.18657   44  465  115.00000  132.43693  15.2%   531  257s
 28299 21750     cutoff   31       115.00000  132.37487  15.1%   531  263s
 29367 22697  120.68646   61  707  115.00000  132.31816  15.1%   531  269s
 30483 23557  128.21581   23  655  115.00000  132.24929  15.0%   530  275s
 31577 24396  129.90700   22  619  115.00000  132.20627  15.0%   529  282s
 32787 25292  126.70383   29  639  115.00000  132.15894  14.9%   530  291s
 33933 26420  122.65034   52  676  115.00000  132.07333  14.8%   530  299s
 35295 27538  119.30984   73  699  115.00000  131.99287  14.8%   529  307s
 36619 28618  121.32687   58  526  115.00000  131.90079  14.7%   530  315s
 37954 29725  129.44171   39  854  115.00000  131.85189  14.7%   529  325s
 39499 30964  117.90832   50  445  115.00000  131.84776  14.7%   530  334s
 41211 30965  123.30443   38 1000  115.00000  131.77043  14.6%   528  384s
 41213 30966  125.83027   34 2022  115.00000  131.77043  14.6%   528  385s
 41215 30968  128.39441   24 1122  115.00000  131.77043  14.6%   528  390s
 41227 30976  116.19951   43 1018  115.00000  131.77043  14.6%   528  395s
 41236 30982  122.52789   30 1017  115.00000  131.77043  14.6%   528  400s
 41247 30989  116.44003   71 1022  115.00000  131.77043  14.6%   528  405s
 41264 31000  125.35385   46 1050  115.00000  131.77043  14.6%   527  410s
 41280 31011  121.96078   36 1110  115.00000  131.77043  14.6%   527  415s
 41295 31021  130.01414   20 1141  115.00000  131.77043  14.6%   527  420s
 41304 31027  121.89894   55 1070  115.00000  131.77043  14.6%   527  425s
 41319 31037  120.80586   63 1061  115.00000  131.77043  14.6%   527  432s
 41350 31075  131.77043   29 1026  115.00000  131.77043  14.6%   529  435s
 41527 31206  131.77043   36  966  115.00000  131.77043  14.6%   530  440s
 41723 31338  131.77043   41  942  115.00000  131.77043  14.6%   533  445s
 41966 31480  130.64085   46  804  115.00000  131.77043  14.6%   534  450s
 42327 31745  128.79444   51  775  115.00000  131.77043  14.6%   535  455s
 42588 31777  126.61135   54  737  115.00000  131.77043  14.6%   535  460s
 42908 31983  121.80633   65  416  115.00000  131.77043  14.6%   536  465s
 43244 32223  117.81164   83  342  115.00000  131.77043  14.6%   536  470s
 43683 32386  127.96326   38  619  115.00000  131.77043  14.6%   536  476s
 44031 32568  125.13837   49  516  115.00000  131.77043  14.6%   536  481s
 44268 32591  121.14179   57  276  115.00000  131.77043  14.6%   537  486s
 44360 32676  130.52477   36  740  115.00000  131.77043  14.6%   537  490s
 44525 32819  125.62651   52  640  115.00000  131.77043  14.6%   537  496s
 44814 33012  118.07268   76  502  115.00000  131.77043  14.6%   538  501s
 45173 33182  126.80118   43  737  115.00000  131.77043  14.6%   539  505s
 45563 33410  120.88301   66  455  115.00000  131.77043  14.6%   539  510s
 46005 33588  130.27394   50  973  115.00000  131.77043  14.6%   540  516s
 46408 33846  119.05344   59  524  115.00000  131.77043  14.6%   542  521s
 46913 34076  128.81703   34  712  115.00000  131.77043  14.6%   542  530s
 47392 34321  122.34096   60  658  115.00000  131.77043  14.6%   543  536s
 47664 34520  117.88984   81  592  115.00000  131.77043  14.6%   543  540s
 48336 34810  120.00320   61  447  115.00000  131.77043  14.6%   542  547s
 48669 34997  126.19835   41  565  115.00000  131.77043  14.6%   542  550s
 49388 35384  125.56856   56  679  115.00000  131.77043  14.6%   542  558s
 49865 35519  120.70318   79  614  115.00000  131.77043  14.6%   541  565s
 50804 36109  116.96465   87  509  115.00000  131.77043  14.6%   543  574s
 51421 36440  122.34714   55  587  115.00000  131.77043  14.6%   543  578s
 52113 36858  126.97694   46  854  115.00000  131.77043  14.6%   543  583s
 52852 37283  118.66973   87  568  115.00000  131.77043  14.6%   543  588s
 53653 37658  122.71363   62  662  115.00000  131.77043  14.6%   542  593s
 54433 38105  124.37781   51  512  115.00000  131.54957  14.4%   542  600s
 55268 38088  125.33583   39  520  115.00000  131.54765  14.4%   542  605s
 55593 38621  117.79502   62  257  115.00000  131.54765  14.4%   543  611s
 56358 39087  127.40037   40  752  115.00000  131.52775  14.4%   544  617s
 57267 39574  127.01976   41  783  115.00000  131.32070  14.2%   544  622s
 58259 39906  125.48020   47  676  115.00000  131.26190  14.1%   544  629s
 59070 40333  127.70197   39  657  115.00000  131.18680  14.1%   544  637s
 59953 40616  118.56881   49  676  115.00000  131.07760  14.0%   544  643s
 60743 41131  119.16441   68  444  115.00000  131.05061  14.0%   544  649s
 61756 41661  121.35957   62  597  115.00000  130.94139  13.9%   545  658s
 62871 41932  124.83347   48  728  115.00000  130.85671  13.8%   545  666s
 63744 42276  116.29776   55  372  115.00000  130.73811  13.7%   546  672s
 64649 42753  126.02065   50  679  115.00000  130.64144  13.6%   546  679s
 65805 43106  119.59280   61  560  115.00000  130.55391  13.5%   546  685s
 66766 43368  117.28647   79  442  115.00000  130.46411  13.4%   547  692s
 67473 44143  122.75517   52  564  115.00000  130.42184  13.4%   547  701s
 68842 44699  120.67799   59  616  115.00000  130.34426  13.3%   547  709s
 70057 45140  118.07061   91  658  115.00000  130.26163  13.3%   546  716s
 71130 45731  121.17303   53  602  115.00000  130.20904  13.2%   549  724s
 72496 46275  116.14762   78  534  115.00000  130.13792  13.2%   549  732s
 73761 46531  122.60643   37  465  115.00000  130.06455  13.1%   550  743s
 74919 47330     cutoff   44       115.00000  129.96220  13.0%   550  752s
 76436 48079  126.80857   47  755  115.00000  129.89783  13.0%   551  760s
 78016 48827  124.09981   50  753  115.00000  129.84187  12.9%   550  772s
 79634 49631  123.19649   53  716  115.00000  129.76288  12.8%   550  781s
 81464 50313  118.12827   50  567  115.00000  129.72269  12.8%   551  791s
 83184 51418  126.22342   39  717  115.00000  129.62136  12.7%   551  806s
 85369 51937  116.66854   70  597  115.00000  129.57087  12.7%   550  815s
 86950 52485  120.74127   59  548  115.00000  129.47758  12.6%   550  824s
 88546 52732  124.58362   46  570  115.00000  129.40386  12.5%   550  833s
 89613 53663  119.99543   75  631  115.00000  129.40386  12.5%   550  845s
 91368 53898  125.36514   42  771  115.00000  129.31588  12.4%   549  854s
 92528 54724  116.53820   89  571  115.00000  129.25148  12.4%   549  864s
 94129 55552  124.28095   49  796  115.00000  129.21381  12.4%   549  877s
 95984 56272  125.16884   43  692  115.00000  129.13994  12.3%   549  887s
 97707 56846  118.30498   79  466  115.00000  129.09332  12.3%   549  896s
 99483 57232  122.95282   49  633  115.00000  129.04665  12.2%   549  909s
 101296 57861  123.57605   58  773  115.00000  128.99496  12.2%   549  918s
 102972 58495  121.09590   47  561  115.00000  128.94887  12.1%   549  928s
 104598 59403  122.22489   58  449  115.00000  128.90185  12.1%   549  943s
 106493 60045  124.73620   51  604  115.00000  128.85355  12.0%   549  954s
 108237 60707  125.20748   44  632  115.00000  128.80321  12.0%   549  963s
 109829 61374  116.69779   65  574  115.00000  128.74738  12.0%   549  973s
 111405 62059  122.60622   37  428  115.00000  128.69936  11.9%   549  985s
 113083 62770  118.84974   64  599  115.00000  128.67000  11.9%   549  994s
 114759 63490  125.59905   44  660  115.00000  128.61350  11.8%   549 1004s
 116416 64038  124.64989   51  700  115.00000  128.55612  11.8%   549 1015s
 117990 64581  124.10622   46  592  115.00000  128.51413  11.8%   549 1024s
 119444 64872  119.25801   67  510  115.00000  128.47825  11.7%   549 1033s
 120508 65708  120.20012   61  574  115.00000  128.47391  11.7%   549 1043s
 122308 66462  127.18289   48  703  115.00000  128.41377  11.7%   549 1055s
 124077 67040  123.03607   53  847  115.00000  128.37775  11.6%   549 1064s
 125770 67423  123.09917   55  664  115.00000  128.35392  11.6%   549 1076s
 126964 68956  117.75548   52  383  115.00000  128.30997  11.6%   549 1092s
 129538 69495  119.90832   68  605  115.00000  128.26463  11.5%   549 1102s
 131373 70192  121.35815   60  518  115.00000  128.23941  11.5%   549 1115s
 133196 70961  116.86791   62  440  115.00000  128.19283  11.5%   548 1125s
 134970 71919  116.23776   71  581  115.00000  128.15483  11.4%   548 1135s
 136764 73189  126.91366   49  653  115.00000  128.12435  11.4%   548 1144s
 138419 74454  123.41260   49  708  115.00000  128.07952  11.4%   548 1156s
 140161 75747  125.17586   48  750  115.00000  128.04228  11.3%   548 1165s
 141798 76958  125.09315   45  774  115.00000  128.01695  11.3%   548 1175s
 143444 77829  119.95255   50  484  115.00000  127.99408  11.3%   548 1186s
 144874 78721  125.38299   55  646  115.00000  127.96103  11.3%   548 1196s
 146251 79312  125.46221   41  704  115.00000  127.94861  11.3%   548 1207s
 147169 81871  126.29408   48  559  115.00000  127.94415  11.3%   548 1227s
 150584 83163  116.33060   64  413  115.00000  127.89007  11.2%   548 1238s
 152328 84537  124.82070   47  689  115.00000  127.83860  11.2%   548 1248s
 154162 85800  124.46839   45  623  115.00000  127.81841  11.1%   548 1260s
 155940 86853  122.37264   57  608  115.00000  127.78148  11.1%   548 1270s
 157667 87969     cutoff   59       115.00000  127.75382  11.1%   549 1280s
 159482 89176  117.81199   67  478  115.00000  127.72273  11.1%   549 1292s
 161222 90406  121.93523   51  660  115.00000  127.69343  11.0%   549 1301s
 163000 90946     cutoff   62       115.00000  127.66946  11.0%   549 1310s
 163776 92226  126.40908   44  851  115.00000  127.66734  11.0%   549 1322s
 165512 93366  123.45202   40  559  115.00000  127.63549  11.0%   549 1332s
 167367 94829  117.14210   59  334  115.00000  127.60955  11.0%   549 1343s
 169376 95778  116.71346   74  789  115.00000  127.59109  10.9%   549 1351s
 170883 96954  123.45815   47  857  115.00000  127.55623  10.9%   549 1362s
 172519 98125  122.97812   53  688  115.00000  127.53678  10.9%   549 1371s
 174135 99270  116.11263   67  368  115.00000  127.52214  10.9%   549 1380s
 175790 100313  116.89719   86  468  115.00000  127.49931  10.9%   549 1388s
 177448 101421  116.85093   69  343  115.00000  127.47514  10.8%   549 1399s
 179006 102643  123.79825   50  706  115.00000  127.45500  10.8%   548 1408s
 180731 103751  126.05980   37  730  115.00000  127.43872  10.8%   548 1416s
 182186 104849  123.75043   44  580  115.00000  127.42199  10.8%   548 1427s
 183727 105859  125.50082   46  796  115.00000  127.41775  10.8%   548 1436s
 185353 106650  121.04301   47  539  115.00000  127.37599  10.8%   548 1444s
 186533 107855  122.74825   54  595  115.00000  127.36802  10.8%   548 1453s
 188231 109076  120.28400   69  566  115.00000  127.34905  10.7%   548 1467s
 190110 110270  119.29973   50  469  115.00000  127.32618  10.7%   548 1476s
 191826 110960  124.83255   50  718  115.00000  127.30347  10.7%   548 1484s
 192970 112085  124.08904   40  594  115.00000  127.29251  10.7%   548 1496s
 194770 113236  122.40229   49  645  115.00000  127.26274  10.7%   548 1505s
 196417 114326  117.53329   58  555  115.00000  127.24925  10.7%   548 1514s
 198170 115546  123.54781   46  642  115.00000  127.22394  10.6%   548 1523s
 199862 116756  124.62027   43  658  115.00000  127.19730  10.6%   548 1534s
 201666 117873  117.08505   90  465  115.00000  127.18744  10.6%   547 1543s
 203362 118894  125.33493   50  654  115.00000  127.16979  10.6%   547 1551s
 204822 119978  117.00218   62  524  115.00000  127.15225  10.6%   546 1560s
 206489 121153  116.37011   64  594  115.00000  127.13364  10.6%   546 1572s
 208081 122226  122.36536   48  525  115.00000  127.11463  10.5%   546 1581s
 209977 123440  122.21854   46  449  115.00000  127.09738  10.5%   546 1592s
 211912 124650  120.42293   48  489  115.00000  127.07588  10.5%   545 1602s
 213628 125598  120.33302   65  465  115.00000  127.06103  10.5%   545 1610s
 215147 126253  117.53496   52  391  115.00000  127.04492  10.5%   545 1618s
 216161 127501  117.31996   64  549  115.00000  127.03622  10.5%   545 1627s
 217844 128374  116.69761   83  557  115.00000  127.01944  10.5%   544 1638s
 218996 129462  120.31069   57  521  115.00000  127.00847  10.4%   544 1647s
 220895 130555  122.18875   41  662  115.00000  126.98929  10.4%   544 1656s
 222553 131560  118.75069   61  318  115.00000  126.97902  10.4%   544 1668s
 224342 132557  116.02715   67  436  115.00000  126.97162  10.4%   544 1677s
 226260 133458  116.77292   43  323  115.00000  126.96321  10.4%   544 1686s
 227920 134627  124.19215   53  702  115.00000  126.93832  10.4%   544 1694s
 229578 135736  116.37518   62  362  115.00000  126.92440  10.4%   544 1706s
 231101 136873  123.19913   59  664  115.00000  126.91145  10.4%   544 1716s
 232951 137320  119.86020   56  507  115.00000  126.89999  10.3%   544 1724s
 233618 138604  120.31912   61  657  115.00000  126.88776  10.3%   544 1737s
 235360 140086  116.57716   68  630  115.00000  126.87235  10.3%   544 1747s
 237343 141399  120.53756   66  682  115.00000  126.85616  10.3%   543 1757s
 239241 142734  118.02068   61  573  115.00000  126.84407  10.3%   544 1767s
 241152 143800  125.41289   45  695  115.00000  126.83280  10.3%   544 1778s
 242608 144985  118.99718   74  621  115.00000  126.82459  10.3%   543 1788s
 244307 145425  125.56007   42  742  115.00000  126.80159  10.3%   543 1797s
 245100 146734  118.67208   65  375  115.00000  126.79994  10.3%   543 1809s
 246914 148081  123.21714   44  623  115.00000  126.78349  10.2%   543 1819s
 248828 149343  119.28287   67  745  115.00000  126.76220  10.2%   543 1828s
 250560 150647  122.70009   47  766  115.00000  126.74997  10.2%   542 1840s
 252353 151412  117.09377   68  454  115.00000  126.73708  10.2%   542 1850s
 253478 153397  116.00296   88  507  115.00000  126.72729  10.2%   542 1864s
 256175 154769  119.70482   53  570  115.00000  126.70745  10.2%   542 1876s
 258092 155853  121.95341   45  628  115.00000  126.69297  10.2%   542 1886s
 259864 157090  123.18195   58  704  115.00000  126.67323  10.2%   542 1895s
 261647 158082  117.89678   66  461  115.00000  126.66025  10.1%   541 1904s
 263122 159371  119.98322   60  482  115.00000  126.65385  10.1%   541 1915s
 264861 160692  118.46452   59  403  115.00000  126.63485  10.1%   541 1924s
 266686 161844  124.29036   46  640  115.00000  126.62140  10.1%   541 1933s
 268312 163115  119.56483   73  587  115.00000  126.60688  10.1%   540 1944s
 270029 164107  121.84806   59  533  115.00000  126.59949  10.1%   540 1953s
 271781 165354  118.98093   68  540  115.00000  126.58405  10.1%   540 1961s
 273591 166719  119.80639   66  586  115.00000  126.57460  10.1%   540 1972s
 275403 167621  123.90881   52  630  115.00000  126.56425  10.1%   540 1982s
 276774 168841  118.42709   43  566  115.00000  126.56104  10.1%   540 1991s
 278543 170156  120.39260   52  453  115.00000  126.54559  10.0%   540 2000s
 280272 171399  118.59565   71  461  115.00000  126.52899  10.0%   539 2012s
 281932 172609  118.22368   73  429  115.00000  126.51879  10.0%   539 2021s
 283686 173820  117.42240   72  482  115.00000  126.50531  10.0%   539 2029s
 285500 174951  122.50176   44  603  115.00000  126.49388  10.0%   539 2038s
 287120 175989  121.56213   64  585  115.00000  126.48276  10.0%   539 2049s
 288553 177064  117.54343   75  451  115.00000  126.47803  10.0%   539 2057s
 290115 178226  118.01654   75  505  115.00000  126.45770  10.0%   538 2066s
 291778 179112  123.84918   50  689  115.00000  126.45010  10.0%   538 2074s
 292979 180060  117.27134   66  502  115.00000  126.44692  10.0%   538 2086s
 294646 181418  119.60474   59  533  115.00000  126.43054  9.94%   538 2096s
 296615 182491  117.50324   83  538  115.00000  126.41873  9.93%   538 2104s
 298141 183607  117.68519   69  623  115.00000  126.40643  9.92%   538 2112s
 299724 184684  119.04100   70  485  115.00000  126.39814  9.91%   538 2124s
 301285 185565     cutoff   57       115.00000  126.38713  9.90%   538 2132s
 302555 186539     cutoff   82       115.00000  126.38400  9.90%   537 2141s
 304215 187704  122.56302   48  594  115.00000  126.36803  9.89%   537 2152s
 305877 188828  123.30199   40  637  115.00000  126.35668  9.88%   537 2160s
 307452 189919  120.72928   65  648  115.00000  126.34613  9.87%   537 2169s
 309100 191124  117.90537   74  568  115.00000  126.33122  9.85%   537 2177s
 310741 192246  119.05952   54  415  115.00000  126.32212  9.85%   537 2189s
 312386 193491  116.15867   85  476  115.00000  126.31361  9.84%   537 2197s
 314132 194490  125.61857   58  785  115.00000  126.30081  9.83%   537 2206s
 315909 195768  116.44911   49  319  115.00000  126.29238  9.82%   536 2218s
 317759 196964  123.72819   43  588  115.00000  126.27871  9.81%   536 2227s
 319528 197762  122.73774   58  669  115.00000  126.26874  9.80%   536 2234s
 320639 198783  119.05535   66  434  115.00000  126.26833  9.80%   536 2243s
 322295 199953  122.47411   43  609  115.00000  126.24890  9.78%   535 2254s
 323958 201147  124.90231   49  662  115.00000  126.23854  9.77%   535 2263s
 325599 202092  119.29293   39  434  115.00000  126.23454  9.77%   535 2271s
 327168 203113  116.26531   67  365  115.00000  126.21886  9.76%   535 2280s
 328907 204324  123.15855   55  766  115.00000  126.21078  9.75%   535 2291s
 330594 205339  121.38121   50  597  115.00000  126.19943  9.74%   535 2300s
 332226 205906  119.84251   54  590  115.00000  126.19059  9.73%   535 2308s
 333106 206589  117.44574   51  481  115.00000  126.19059  9.73%   535 2317s
 334280 207679  117.31068   74  437  115.00000  126.18019  9.72%   535 2329s
 336036 208796     cutoff   62       115.00000  126.16863  9.71%   535 2337s
 337880 210053  117.81715   52  401  115.00000  126.16240  9.71%   535 2348s
 339774 211257  117.23400   78  543  115.00000  126.14941  9.70%   534 2358s
 341469 212175  124.24688   51  681  115.00000  126.13705  9.68%   534 2366s
 343080 213271  117.20054   54  594  115.00000  126.13381  9.68%   534 2374s
 344666 213973  117.90815   63  489  115.00000  126.12368  9.67%   534 2382s
 345726 215164  117.56555   65  445  115.00000  126.12286  9.67%   534 2393s
 347417 216420  120.70504   52  479  115.00000  126.10765  9.66%   533 2401s
 349141 217678  117.89651   71  534  115.00000  126.09732  9.65%   533 2410s
 350835 218889  118.65474   77  572  115.00000  126.09081  9.64%   533 2418s
 352493 220072  119.94434   45  537  115.00000  126.07849  9.63%   533 2429s
 354270 220985  122.54311   46  706  115.00000  126.06878  9.63%   533 2437s
 355829 222076  120.24232   48  511  115.00000  126.06110  9.62%   533 2445s
 357355 223159  121.22155   56  583  115.00000  126.05150  9.61%   533 2454s
 359019 224208     cutoff   76       115.00000  126.04515  9.60%   533 2466s
 360897 225309  120.46519   65  570  115.00000  126.03405  9.59%   533 2474s
 362547 226425  121.61663   37  538  115.00000  126.02356  9.59%   533 2482s
 364136 227510  123.02661   53  612  115.00000  126.01665  9.58%   533 2491s
 365747 228648  122.90865   42  582  115.00000  126.00840  9.57%   533 2501s
 367464 229697  117.46284   71  580  115.00000  125.99872  9.56%   532 2509s
 369144 230861  120.18976   51  750  115.00000  125.99080  9.56%   532 2517s
 370821 231513  117.12634   62  559  115.00000  125.98418  9.55%   532 2525s
 371954 232561  122.07469   45  622  115.00000  125.98302  9.55%   532 2536s
 373569 233694  118.35654   64  487  115.00000  125.96817  9.54%   532 2544s
 375147 234801  119.66137   49  507  115.00000  125.95854  9.53%   532 2552s
 376853 235811  122.00351   52  761  115.00000  125.95057  9.52%   532 2561s
 378410 235827  120.15377   40  525  115.00000  125.94203  9.51%   531 2571s
 378426 235843  120.00956   41  513  115.00000  125.94203  9.51%   531 2578s
 378442 236204  119.48002   42  493  115.00000  125.94203  9.51%   531 2585s
 378941 236921  119.81451   54  572  115.00000  125.94203  9.51%   531 2594s
 379971 238198  119.55978   57  493  115.00000  125.93770  9.51%   531 2606s
 381801 239192  120.57987   54  540  115.00000  125.92429  9.50%   531 2615s
 383483 240236  120.95479   46  607  115.00000  125.91412  9.49%   531 2623s
 385250 241205  119.24211   45  442  115.00000  125.91104  9.49%   531 2633s
 386923 242302  117.87478   74  523  115.00000  125.89922  9.48%   531 2641s
 388582 243377  117.25467   63  522  115.00000  125.89198  9.47%   530 2649s
 390197 244114  122.43891   46  681  115.00000  125.88426  9.46%   530 2657s
 391331 245222  123.32420   59  719  115.00000  125.88058  9.46%   530 2667s
 392974 246231  116.22107   64  540  115.00000  125.87149  9.45%   530 2676s
 394634 247418  117.44233   78  455  115.00000  125.86226  9.45%   530 2684s
 396305 248579  122.72622   66  568  115.00000  125.85235  9.44%   529 2692s
 397992 249729  118.20071   67  391  115.00000  125.84105  9.43%   529 2702s
 399614 250810  118.16686   69  544  115.00000  125.83412  9.42%   529 2710s
 401209 252187  121.42590   47  621  115.00000  125.82471  9.41%   529 2720s
 403119 253188  123.13193   48  695  115.00000  125.81666  9.41%   529 2728s
 404726 254337     cutoff   65       115.00000  125.81077  9.40%   528 2739s
 406400 255385  121.06950   50  637  115.00000  125.80299  9.39%   528 2747s
 407860 256367  119.29232   59  515  115.00000  125.79958  9.39%   528 2755s
 409420 257502  121.18379   57  597  115.00000  125.78929  9.38%   528 2763s
 411068 258579  122.23380   45  582  115.00000  125.78110  9.37%   528 2774s
 412696 259491  118.99002   58  501  115.00000  125.77155  9.37%   528 2782s
 414383 260413  120.46271   37  652  115.00000  125.76210  9.36%   528 2790s
 416000 261179  124.21614   44  571  115.00000  125.75435  9.35%   528 2798s
 417158 262310  124.01590   43  682  115.00000  125.75410  9.35%   528 2809s
 418837 263462  116.52738   80  480  115.00000  125.74490  9.34%   528 2817s
 420600 264505  117.87363   54  429  115.00000  125.73658  9.34%   527 2825s
 422210 265731  122.65440   47  573  115.00000  125.73008  9.33%   527 2835s
 423950 266867  117.45973   67  410  115.00000  125.72118  9.32%   527 2846s
 425630 267122  117.11645   76  682  115.00000  125.71221  9.31%   527 2854s
 426037 267779  118.11971   70  497  115.00000  125.71220  9.31%   527 2863s
 427233 268598  120.15889   45  535  115.00000  125.70799  9.31%   527 2876s
 428570 270206  122.22074   40  578  115.00000  125.70594  9.31%   527 2887s
 430817 271625  119.64181   40  384  115.00000  125.69376  9.30%   527 2897s
 433053 272942  121.38657   58  666  115.00000  125.68509  9.29%   527 2909s
 434911 274078  121.89573   49  670  115.00000  125.67805  9.29%   526 2918s
 436832 275267  117.24659   73  456  115.00000  125.66725  9.28%   526 2927s
 438691 276390  121.22281   49  486  115.00000  125.66076  9.27%   526 2936s
 440415 277238  122.74431   46  594  115.00000  125.65119  9.26%   526 2947s
 441585 278345  118.47707   57  539  115.00000  125.64942  9.26%   526 2957s
 443408 279688  120.74928   53  628  115.00000  125.63861  9.25%   526 2967s
 445459 280724  118.50966   59  526  115.00000  125.62852  9.24%   526 2974s
 446943 281690  124.59316   41  658  115.00000  125.62160  9.24%   526 2984s
 448484 282796  119.11443   61  504  115.00000  125.61547  9.23%   526 2992s
 450055 283894  120.85026   56  706  115.00000  125.60672  9.22%   525 3000s
 451580 285088  116.30645   82  523  115.00000  125.60079  9.22%   525 3008s
 453240 286051  121.14697   50  530  115.00000  125.59631  9.21%   525 3018s
 454773 287111  120.46180   54  448  115.00000  125.58948  9.21%   525 3026s
 456310 288187  124.05857   36  584  115.00000  125.58750  9.21%   525 3034s
 457946 289116  116.83815   72  471  115.00000  125.58082  9.20%   525 3042s
 459455 290203     cutoff   71       115.00000  125.57576  9.20%   525 3053s
 461064 291300  122.27874   48  535  115.00000  125.56769  9.19%   525 3061s
 462664 292240  117.55797   83  693  115.00000  125.56231  9.18%   525 3069s
 464412 293545  118.98112   68  505  115.00000  125.55636  9.18%   525 3081s
 466322 294757  116.25614   63  217  115.00000  125.54847  9.17%   525 3089s
 468075 295838  120.39096   54  457  115.00000  125.54452  9.17%   525 3097s
 469587 296432     cutoff   81       115.00000  125.53811  9.16%   524 3105s
 470625 297601  117.21482   55  548  115.00000  125.53811  9.16%   524 3115s
 472314 298844  122.30949   47  557  115.00000  125.52675  9.15%   524 3124s
 474034 299919  123.19441   65  668  115.00000  125.52295  9.15%   524 3132s
 475729 300984  121.29511   66  654  115.00000  125.51568  9.14%   524 3140s
 477400 302079  120.33323   50  704  115.00000  125.50722  9.14%   524 3150s
 479094 303078  117.54100   57  447  115.00000  125.50265  9.13%   524 3158s
 480801 304140  120.19213   66  502  115.00000  125.49492  9.13%   524 3166s
 482409 305185  123.17675   53  674  115.00000  125.48779  9.12%   524 3174s
 483940 306258  117.11871   74  465  115.00000  125.48329  9.12%   524 3185s
 485695 307593  122.18077   45  602  115.00000  125.47644  9.11%   523 3195s
 487600 308691  121.00402   42  542  115.00000  125.46838  9.10%   523 3202s
 489231 309811     cutoff   58       115.00000  125.46396  9.10%   523 3211s
 490839 310831  119.69318   57  490  115.00000  125.45899  9.09%   523 3221s
 492344 311861  122.55718   50  612  115.00000  125.45267  9.09%   523 3229s
 494051 312878  117.31391   57  525  115.00000  125.44769  9.08%   523 3237s
 495659 314025  121.26938   51  548  115.00000  125.43820  9.08%   523 3245s
 497334 314738  120.07071   57  520  115.00000  125.43252  9.07%   523 3254s
 498507 315855     cutoff   79       115.00000  125.42746  9.07%   522 3263s
 500046 316900  116.89530   58  467  115.00000  125.42050  9.06%   523 3271s
 501718 317916  121.20781   67  609  115.00000  125.41384  9.06%   522 3279s
 503431 318950  121.22184   51  508  115.00000  125.40829  9.05%   522 3290s
 504966 319912  116.34233   60  424  115.00000  125.40360  9.05%   522 3298s
 506566 321217  118.61171   70  399  115.00000  125.39850  9.04%   522 3307s
 508496 322283  123.78881   39  625  115.00000  125.38957  9.03%   522 3315s
 510095 323101  117.39370   59  500  115.00000  125.38453  9.03%   522 3325s
 511523 323427  118.76142   50  645  115.00000  125.37880  9.03%   522 3333s
 511997 324425  118.62575   73  462  115.00000  125.37880  9.03%   522 3342s
 513630 325580  116.53909   63  423  115.00000  125.37267  9.02%   521 3350s
 515520 326856  121.51540   40  519  115.00000  125.36506  9.01%   521 3362s
 517318 327875  121.34787   48  570  115.00000  125.36036  9.01%   521 3370s
 518779 329029  123.05022   52  593  115.00000  125.35689  9.01%   521 3379s
 520669 330090  116.29940   69  258  115.00000  125.35029  9.00%   521 3387s
 522354 331292  120.41704   57  437  115.00000  125.34368  8.99%   521 3398s
 524088 332397  121.71536   36  641  115.00000  125.33872  8.99%   521 3406s
 525662 333391  117.03953   68  372  115.00000  125.33425  8.99%   521 3415s
 527426 334626  123.79551   45  547  115.00000  125.32782  8.98%   521 3427s
 529341 335565  117.96478   71  620  115.00000  125.32358  8.98%   521 3435s
 531060 336540     cutoff   54       115.00000  125.31684  8.97%   520 3442s
 532697 337585  117.03270   58  450  115.00000  125.31071  8.97%   520 3449s
 534206 337585  122.46928   38  454  115.00000  125.30514  8.96%   520 3450s
 534324 338575  119.20300   60  532  115.00000  125.30514  8.96%   520 3457s
 535810 339260  120.74516   50  576  115.00000  125.29827  8.96%   520 3467s
 536830 340316     cutoff   52       115.00000  125.29426  8.95%   520 3475s
 538511 341395  122.50733   57  542  115.00000  125.28572  8.94%   520 3483s
 540203 342414  116.04826   66  474  115.00000  125.27896  8.94%   520 3491s
 541757 343480  122.46664   39  552  115.00000  125.27325  8.93%   520 3501s
 543426 344562  117.46695   69  465  115.00000  125.26970  8.93%   519 3509s
 544960 345718  119.34016   68  494  115.00000  125.26158  8.92%   519 3517s
 546855 346773  119.33322   56  508  115.00000  125.25767  8.92%   519 3524s
 548478 347817  117.18987   71  420  115.00000  125.25112  8.91%   519 3537s
 550338 348864  116.35224   46  571  115.00000  125.24521  8.91%   519 3544s
 551961 349937  121.84629   53  601  115.00000  125.23770  8.90%   519 3552s
 553560 351109  119.34533   51  418  115.00000  125.23382  8.90%   519 3560s
 555318 352263  118.31183   52  439  115.00000  125.22911  8.89%   519 3570s
 556974 353320  122.18196   48  527  115.00000  125.22495  8.89%   519 3578s
 558551 354358  120.51560   59  549  115.00000  125.21973  8.89%   519 3586s
 560111 355308  116.69121   73  334  115.00000  125.21667  8.88%   519 3594s
 561712 355734  121.82541   61  708  115.00000  125.21281  8.88%   519 3600s

Cutting planes:
  Gomory: 31
  Cover: 650
  Implied bound: 164
  Dual implied bound: 58
  MIR: 242
  Knapsack: 3
  StrongCG: 86
  Flow cover: 367
  GUB cover: 99
  Zero half: 243
  Mod-K: 36
  RLT: 393
  Relax-and-lift: 1
  BQP: 1
  PSD: 1

Explored 562394 nodes (291663510 simplex iterations) in 3600.01 seconds (8362.19 work units)
Thread count was 16 (of 16 available processors)

Solution count 1: 115 

Time limit reached
Best objective 1.150000000000e+02, best bound 1.250000000000e+02, gap 8.6957%
