
Gurobi 13.0.3 (linux64) logging started Sun Sep 13 07:44:38 2026

Set parameter LogFile to value "Logs/Gurobi/dags_m0075_s5.txt"
Gurobi Optimizer version 13.0.3 build v13.0.3rc0 (linux64 - "Ubuntu 24.04.4 LTS")

CPU model: AMD Ryzen 7 7700 8-Core Processor, instruction set [SSE2|AVX|AVX2|AVX512]
Thread count: 8 physical cores, 16 logical processors, using up to 16 threads

Non-default parameters:
TimeLimit  3600
LogToConsole  0

Academic license 2863599 - for non-commercial use only - registered to be___@usm.cl
Optimize a model with 23283 rows, 13076 columns and 50786 nonzeros (Max)
Model fingerprint: 0x937b41bb
Model has 11581 linear objective coefficients
Variable types: 11581 continuous, 1495 integer (1495 binary)
Coefficient statistics:
  Matrix range     [1e+00, 5e+01]
  Objective range  [1e+00, 8e+00]
  Bounds range     [1e+00, 1e+00]
  RHS range        [1e+00, 1e+00]

Warning: Completing partial solution with 1420 unfixed non-continuous variables out of 1495
User MIP start produced solution with objective 189 (0.01s)
Loaded user MIP start with objective 189

Presolve removed 595 rows and 299 columns
Presolve time: 0.09s
Presolved: 22688 rows, 12777 columns, 49522 nonzeros
Variable types: 11285 continuous, 1492 integer (1492 binary)

Root simplex log...

Iteration    Objective       Primal Inf.    Dual Inf.      Time
   35178    7.7165377e+02   5.447710e+01   0.000000e+00      5s
   36428    7.7145319e+02   0.000000e+00   0.000000e+00      5s

Root relaxation: objective 7.714532e+02, 36428 iterations, 5.22 seconds (13.25 work units)

    Nodes    |    Current Node    |     Objective Bounds      |     Work
 Expl Unexpl |  Obj  Depth IntInf | Incumbent    BestBd   Gap | It/Node Time

     0     0  771.45319    0 1351  189.00000  771.45319   308%     -    5s
H    0     0                     190.0000000  771.31704   306%     -   11s
     0     0  463.09242    0 1134  190.00000  463.09242   144%     -   31s
     0     0  316.07540    0  978  190.00000  316.07540  66.4%     -   54s
     0     0  304.12787    0  980  190.00000  304.12787  60.1%     -   61s
     0     0  303.33347    0  973  190.00000  303.33347  59.6%     -   65s
     0     0  303.30369    0  967  190.00000  303.30369  59.6%     -   65s
H    0     0                     191.0000000  266.79716  39.7%     -   74s
     0     0  266.79716    0  958  191.00000  266.79716  39.7%     -   74s
H    0     0                     192.0000000  266.79474  39.0%     -   74s
     0     0  266.12368    0  968  192.00000  266.12368  38.6%     -   75s
     0     0  266.11854    0  954  192.00000  266.11854  38.6%     -   76s
     0     0  264.24593    0 1041  192.00000  264.24593  37.6%     -   84s
     0     0  264.24529    0 1041  192.00000  264.24529  37.6%     -   85s
     0     2  264.24529    0 1041  192.00000  264.24529  37.6%     -  101s
     1     4  264.12361    1 1036  192.00000  264.24464  37.6%  1863  107s
     3     8  260.98402    2  990  192.00000  264.12359  37.6%  6573  114s
     7    16  260.83237    3 1022  192.00000  263.62552  37.3%  6363  126s
    15    24  259.99188    4 1021  192.00000  263.37677  37.2%  7100  134s
    23    42  259.97807    5 1017  192.00000  263.35944  37.2%  6331  142s
    41    50  259.93974    6 1013  192.00000  263.35944  37.2%  5723  151s
    49    60  259.60416    7 1008  192.00000  263.35944  37.2%  5517  160s
    59    68  259.36373    8 1006  192.00000  263.35944  37.2%  5063  167s
    67    77  259.32405    9 1016  192.00000  263.35944  37.2%  4816  173s
    76    89  259.08330   10 1006  192.00000  263.35944  37.2%  4518  178s
    88    97  259.05319   11 1047  192.00000  263.35944  37.2%  4149  186s
    96   108  258.93249   12 1040  192.00000  263.35944  37.2%  4062  194s
   107   120  258.87598   13 1036  192.00000  263.35944  37.2%  4071  200s
   119   135  258.73342   14 1052  192.00000  263.35944  37.2%  4022  209s
   134   159  258.53743   15 1034  192.00000  263.35944  37.2%  3887  215s
   158   182  258.43388   16 1032  192.00000  263.35944  37.2%  3550  221s
   181   200  258.36808   17 1043  192.00000  263.35944  37.2%  3284  227s
   199   219  258.33282   18 1021  192.00000  263.35944  37.2%  3170  233s
   218   241  258.20861   19 1021  192.00000  263.35944  37.2%  3047  239s
   240   273  258.14985   20 1027  192.00000  263.35944  37.2%  2937  247s
   272   310  258.02034   21  997  192.00000  263.35944  37.2%  2750  253s
   309   346  257.88277   22 1024  192.00000  263.35944  37.2%  2598  260s
   345   376  257.58604   25  998  192.00000  263.35944  37.2%  2500  265s
   375   392  257.17848   28 1013  192.00000  263.35944  37.2%  2444  276s
   391   427  256.77754   30 1017  192.00000  263.35944  37.2%  2418  286s
   426   448  254.61110   33  985  192.00000  263.35944  37.2%  2372  294s
   447   488  255.83020   34 1000  192.00000  263.35944  37.2%  2411  299s
   487   518  255.41259   38 1022  192.00000  263.35944  37.2%  2379  306s
   517   566  254.62895   42 1021  192.00000  263.35944  37.2%  2414  315s
   565   605  254.08973   48 1001  192.00000  263.35944  37.2%  2356  323s
   604   666  253.80829   49  989  192.00000  263.35944  37.2%  2337  333s
   665   736  253.51111   51  969  192.00000  263.35944  37.2%  2251  343s
   735   795  252.77516   61  943  192.00000  263.35944  37.2%  2175  351s
   794   852  252.33317   69  933  192.00000  263.35944  37.2%  2126  360s
   851   916  251.99846   76  918  192.00000  263.35944  37.2%  2095  371s
   915   959  251.29160   85  913  192.00000  263.35944  37.2%  2055  380s
   958  1038  251.19177   86  934  192.00000  263.35944  37.2%  2073  390s
  1037  1134  250.56431   94  871  192.00000  263.35944  37.2%  2028  398s
  1133  1223  249.71542  104  865  192.00000  263.35944  37.2%  1950  409s
  1222  1299  249.17067  111  915  192.00000  263.35944  37.2%  1903  419s
  1298  1391  248.46771  115  928  192.00000  263.35944  37.2%  1882  428s
  1390  1501  247.61788  125  859  192.00000  263.35944  37.2%  1840  439s
  1500  1610  246.54744  138  860  192.00000  263.35944  37.2%  1792  449s
  1609  1685  246.10858  144  851  192.00000  263.35944  37.2%  1751  461s
  1684  1794  245.04996  152  905  192.00000  263.35944  37.2%  1757  472s
  1793  1893  243.84035  164  867  192.00000  263.35944  37.2%  1731  483s
  1892  2012  242.86923  171  844  192.00000  263.35944  37.2%  1722  495s
  2011  2152  241.76330  184  852  192.00000  263.35944  37.2%  1700  506s
  2151  2306  240.83078  197  839  192.00000  263.35944  37.2%  1666  519s
  2305  2462  239.38861  216  813  192.00000  263.35944  37.2%  1632  532s
  2461  2638  238.30312  225  803  192.00000  263.35944  37.2%  1604  545s
  2637  2823  237.12916  237  849  192.00000  263.35944  37.2%  1572  557s
  2822  2986  235.58164  247  761  192.00000  263.35944  37.2%  1542  570s
  2985  3096  233.51716  268  768  192.00000  263.35944  37.2%  1531  582s
  3095  3304  232.39904  274  739  192.00000  263.35944  37.2%  1533  596s
  3303  3567  228.97291  284  678  192.00000  263.35944  37.2%  1515  609s
  3580  3827  226.99568  302  683  192.00000  263.35944  37.2%  1477  625s
  3856  4086  221.36833  329  630  192.00000  263.35944  37.2%  1443  646s
  4117  4094  219.39537  336  637  192.00000  263.35944  37.2%  1421  660s
  4125  4112  218.44912  336  599  192.00000  263.35944  37.2%  1423  674s
  4143  4317  219.15813  337  621  192.00000  263.35944  37.2%  1425  689s
H 4354  4304                     193.0000016  263.35944  36.5%  1389  689s
  4358  4554  216.73678  342  607  193.00000  263.35944  36.5%  1393  710s
H 4662  4525                     194.0000000  263.21075  35.7%  1370  728s
  4670  4612  210.78919  354  589  194.00000  263.21075  35.7%  1376  749s
  4757  4735  207.85540  373  498  194.00000  263.21075  35.7%  1400  769s
  4880  4828  199.57850  421  436  194.00000  263.05870  35.6%  1416  794s
  4981  4871  258.58560    8  942  194.00000  263.05870  35.6%  1443  819s
  5025  4872  249.70943  104 1041  194.00000  263.05870  35.6%  1470 1004s
  5027  4873  258.19743    6 1351  194.00000  259.17666  33.6%  1469 1428s
  5028  4874  222.41657  310 1128  194.00000  259.01549  33.5%  1469 1592s
  5029  4875  222.74343  269  877  194.00000  258.24037  33.1%  1469 1727s
  5030  4875  228.97255  285 1016  194.00000  258.21895  33.1%  1469 1743s
  5031  4876  237.45946  271 1066  194.00000  258.20248  33.1%  1468 1751s
  5032  4877  246.32653  136 1051  194.00000  258.20248  33.1%  1468 1756s
  5035  4879  255.67562   30 1066  194.00000  257.80764  32.9%  1467 1910s
  5036  4879  199.37340  455 1064  194.00000  257.79008  32.9%  1467 1972s
  5037  4880  224.86344  355 1089  194.00000  257.49053  32.7%  1466 2024s
  5038  4881  236.85817  149 1077  194.00000  257.49053  32.7%  1466 2025s
  5040  4882  248.49247   32 1140  194.00000  257.47125  32.7%  1466 2038s
  5041  4883  238.75249  202 1098  194.00000  257.42333  32.7%  1465 2042s
  5044  4885  247.66505  170 1136  194.00000  257.41953  32.7%  1464 2045s
  5048  4887  229.64163  261 1140  194.00000  257.40077  32.7%  1463 2053s
  5049  4888  231.34659  254 1097  194.00000  257.39635  32.7%  1463 2055s
  5051  4889  231.27583  237 1116  194.00000  257.38606  32.7%  1462 2071s
  5053  4891  202.55326  448 1140  194.00000  257.37491  32.7%  1462 2075s
  5055  4892  247.23580  137 1146  194.00000  257.37491  32.7%  1461 2082s
  5056  4893  195.34394  508 1136  194.00000  257.32211  32.6%  1461 2085s
  5060  4895  254.99510   50 1137  194.00000  257.23169  32.6%  1460 2090s
  5063  4897  246.21802  137 1139  194.00000  257.23169  32.6%  1459 2095s
  5067  4900  231.54253  276 1151  194.00000  257.20447  32.6%  1458 2113s
  5068  4901  248.26603  121 1151  194.00000  257.14435  32.5%  1458 2122s
  5070  4902  220.40202  326 1138  194.00000  257.12848  32.5%  1457 2130s
  5071  4903  198.86516  524 1138  194.00000  257.12848  32.5%  1457 2218s
  5072  4905  257.12848   10 1089  194.00000  257.12848  32.5%  1507 2223s
  5073  4908  256.61284   11 1058  194.00000  257.12848  32.5%  1509 2232s
  5076  4913  256.35566   12 1051  194.00000  257.12848  32.5%  1513 2245s
  5082  4913  257.12848   13 1051  194.00000  257.12848  32.5%  1523 2258s
  5084  4920  256.27205   14 1001  194.00000  257.12848  32.5%  1529 2275s
  5092  4951  256.02393   15  997  194.00000  256.96341  32.5%  1543 2293s
  5125  4949  255.59044   19 1029  194.00000  256.96095  32.5%  1553 2300s
  5134  4955  255.44652   20 1001  194.00000  256.96095  32.5%  1557 2311s
  5143  4965  255.38640   21  988  194.00000  256.96095  32.5%  1565 2321s
  5156  4973  254.47162   23  993  194.00000  256.96095  32.5%  1581 2332s
  5169  4977  254.38716   24  999  194.00000  256.96095  32.5%  1587 2343s
  5177  4984  253.92216   26  991  194.00000  256.96095  32.5%  1592 2357s
  5187  4989  251.81260   26  965  194.00000  256.96095  32.5%  1604 2366s
  5195  4999  253.46880   28  973  194.00000  256.96095  32.5%  1611 2378s
  5208  5003  250.58504   31  886  194.00000  256.96095  32.5%  1619 2390s
  5216  5022  253.00444   32  954  194.00000  256.96095  32.5%  1623 2402s
  5238  5029  252.61449   37  953  194.00000  256.96095  32.5%  1633 2416s
  5252  5043  252.40218   39  896  194.00000  256.96095  32.5%  1644 2427s
  5271  5053  251.74870   43  936  194.00000  256.96095  32.5%  1658 2439s
  5287  5068  251.31076   48  937  194.00000  256.96095  32.5%  1666 2449s
  5307  5084  250.56589   52  936  194.00000  256.96095  32.5%  1681 2462s
  5330  5098  250.10948   58  946  194.00000  256.96095  32.5%  1688 2474s
  5352  5116  249.65343   61  944  194.00000  256.96095  32.5%  1693 2490s
  5377  5134  249.55059   62  939  194.00000  256.96095  32.5%  1706 2505s
  5403  5153  246.54215   64  869  194.00000  256.96095  32.5%  1712 2516s
  5431  5152  248.85543   66  912  194.00000  256.96095  32.5%  1718 2526s
  5439  5157  247.07045   67  878  194.00000  256.96095  32.5%  1721 2539s
  5447  5162  248.74434   67  915  194.00000  256.96095  32.5%  1723 2557s
  5455  5168  248.65618   68  865  194.00000  256.96095  32.5%  1725 2574s
  5463  5173  248.63236   69  861  194.00000  256.96095  32.5%  1726 2583s
  5471  5178  248.61326   70  871  194.00000  256.96095  32.5%  1728 2591s
  5479  5184  247.82938   71  869  194.00000  256.96095  32.5%  1730 2600s
  5487  5189  246.32716   71  810  194.00000  256.96095  32.5%  1732 2611s
  5495  5194  247.72286   72  876  194.00000  256.96095  32.5%  1734 2620s
  5503  5200  247.67478   73  863  194.00000  256.96095  32.5%  1736 2632s
  5511  5205  247.52656   74  860  194.00000  256.96095  32.5%  1739 2647s
  5519  5210  247.41396   75  859  194.00000  256.96095  32.5%  1740 2657s
  5527  5228  247.02071   76  825  194.00000  256.96095  32.5%  1742 2670s
  5547  5260  244.53236   76  735  194.00000  256.96095  32.5%  1748 2684s
  5586  5272  246.76546   77  859  194.00000  256.96095  32.5%  1755 2697s
  5611  5300  246.40846   78  820  194.00000  256.96095  32.5%  1755 2716s
  5647  5330  245.62376   80  848  194.00000  256.96095  32.5%  1769 2734s
  5689  5366  244.85064   82  852  194.00000  256.96095  32.5%  1783 2754s
  5739  5421  244.61970   83  876  194.00000  256.96095  32.5%  1798 2772s
  5811  5432  242.87003   90  841  194.00000  256.96095  32.5%  1803 2787s
  5846  5505  242.28759   92  799  194.00000  256.96095  32.5%  1805 2810s
  5931  5545  242.12024  100  787  194.00000  256.96095  32.5%  1815 2833s
  5999  5588  240.82094  107  731  194.00000  256.96095  32.5%  1832 2854s
  6065  5597  240.20831  113  737  194.00000  256.96095  32.5%  1846 2872s
  6096  5656  239.65457  118  734  194.00000  256.96095  32.5%  1851 2899s
  6165  5706  238.69501  125  733  194.00000  256.96095  32.5%  1870 2928s
  6238  5770  237.48481  142  688  194.00000  256.96095  32.5%  1887 2959s
  6326  5777  236.34370  147  696  194.00000  256.96095  32.5%  1905 2981s
  6363  5849  236.18225  150  678  194.00000  256.96095  32.5%  1912 3011s
  6447  5919  232.66031  157  606  194.00000  256.96095  32.5%  1933 3042s
  6545  5997  233.30411  165  622  194.00000  256.96095  32.5%  1953 3071s
  6656  6070  232.27730  172  628  194.00000  256.96095  32.5%  1971 3099s
  6766  6089  230.74090  178  607  194.00000  256.96095  32.5%  1988 3124s
  6821  6202  231.48304  184  662  194.00000  256.96095  32.5%  1998 3157s
  6953  6306  229.99430  193  678  194.00000  256.96095  32.5%  2014 3187s
  7101  6265  228.52725  205  646  194.00000  256.96095  32.5%  2026 3212s
  7109  6270  228.39378  206  642  194.00000  256.96095  32.5%  2026 3233s
  7117  6331  228.23683  207  602  194.00000  256.96095  32.5%  2028 3257s
  7180  6469  227.84449  212  628  194.00000  256.96095  32.5%  2028 3290s
  7339  6628  226.60343  222  627  194.00000  256.96095  32.5%  2037 3324s
  7551  6775  224.33077  234  622  194.00000  256.96095  32.5%  2040 3358s
  7769  6941  222.34367  250  533  194.00000  256.96095  32.5%  2045 3394s
  8008  7092  217.32603  259  526  194.00000  256.96095  32.5%  2047 3424s
  8246  7262  216.84229  279  513  194.00000  256.96095  32.5%  2037 3461s
  8516  7413  215.35741  299  484  194.00000  256.96095  32.5%  2034 3500s
  8787  7605  209.21863  323  407  194.00000  256.96095  32.5%  2031 3537s
  9069  7797  206.47368  346  367  194.00000  256.96095  32.5%  2025 3582s
  9393  7827  198.47369  394  280  194.00000  256.96095  32.5%  2015 3600s

Cutting planes:
  Lift-and-project: 351
  MIR: 497
  StrongCG: 3
  Flow cover: 335
  RLT: 1454
  Relax-and-lift: 7
  BQP: 40

Explored 9584 nodes (19338714 simplex iterations) in 3600.01 seconds (9507.05 work units)
Thread count was 16 (of 16 available processors)

Solution count 6: 194 193 192 ... 189

Time limit reached
Best objective 1.940000000000e+02, best bound 2.560000000000e+02, gap 31.9588%
