
Gurobi 13.0.3 (linux64) logging started Sat Sep 12 21:33:05 2026

Set parameter LogFile to value "Logs/Gurobi/dags_p0040_s3.txt"
Gurobi Optimizer version 13.0.3 build v13.0.3rc0 (linux64 - "Ubuntu 24.04.4 LTS")

CPU model: AMD Ryzen 7 7700 8-Core Processor, instruction set [SSE2|AVX|AVX2|AVX512]
Thread count: 8 physical cores, 16 logical processors, using up to 16 threads

Non-default parameters:
TimeLimit  3600
LogToConsole  0

Academic license 2863599 - for non-commercial use only - registered to be___@usm.cl
Optimize a model with 3868 rows, 2356 columns and 8956 nonzeros (Max)
Model fingerprint: 0xb2dab94d
Model has 1901 linear objective coefficients
Variable types: 1901 continuous, 455 integer (455 binary)
Coefficient statistics:
  Matrix range     [1e+00, 5e+01]
  Objective range  [1e+00, 6e+00]
  Bounds range     [1e+00, 1e+00]
  RHS range        [1e+00, 1e+00]

Warning: Completing partial solution with 415 unfixed non-continuous variables out of 455
User MIP start produced solution with objective 91 (0.00s)
Loaded user MIP start with objective 91

Presolve removed 117 rows and 60 columns
Presolve time: 0.05s
Presolved: 3751 rows, 2296 columns, 8682 nonzeros
Variable types: 0 continuous, 2296 integer (2296 binary)

Root relaxation: objective 2.459613e+02, 3734 iterations, 0.09 seconds (0.22 work units)

    Nodes    |    Current Node    |     Objective Bounds      |     Work
 Expl Unexpl |  Obj  Depth IntInf | Incumbent    BestBd   Gap | It/Node Time

     0     0  245.96133    0 1988   91.00000  245.96133   170%     -    0s
     0     0  128.90518    0  839   91.00000  128.90518  41.7%     -    1s
     0     0  109.94314    0  738   91.00000  109.94314  20.8%     -    1s
     0     0  109.22410    0  816   91.00000  109.22410  20.0%     -    1s
     0     0  109.15018    0  833   91.00000  109.15018  19.9%     -    1s
     0     0  106.21972    0  686   91.00000  106.21972  16.7%     -    2s
     0     0  105.91580    0  687   91.00000  105.91580  16.4%     -    2s
     0     0  105.74598    0  704   91.00000  105.74598  16.2%     -    2s
     0     0  105.73359    0  702   91.00000  105.73359  16.2%     -    2s
     0     0  105.20708    0  758   91.00000  105.20708  15.6%     -    2s
     0     0  105.20708    0  758   91.00000  105.20708  15.6%     -    2s
     0     0  105.20708    0  758   91.00000  105.20708  15.6%     -    2s
     0     2  105.20699    0  758   91.00000  105.20699  15.6%     -    4s
   115   125  102.75001   13  512   91.00000  104.96852  15.4%   359    5s
  1331  1000  101.46350   15  470   91.00000  104.01989  14.3%   241   10s
  1847  1331   95.30503   29  758   91.00000  103.71128  14.0%   238   16s
  1870  1346   98.11538   15  726   91.00000  103.71128  14.0%   235   20s
  2055  1496  100.67125   20  650   91.00000  103.71128  14.0%   265   25s
  2880  1889   94.27383   37  254   91.00000  102.31685  12.4%   269   30s
  3711  2257   96.13528   24  453   91.00000  102.10483  12.2%   270   35s
  4459  2724   93.68218   42  360   91.00000  101.94702  12.0%   265   40s
  6331  3594   99.30359   22  741   91.00000  101.48407  11.5%   257   45s
  7147  4181   94.64338   58  463   91.00000  101.48407  11.5%   253   50s
  8699  5355   95.19645   39  484   91.00000  100.66534  10.6%   251   55s
 10217  6463   96.73176   33  464   91.00000  100.15109  10.1%   248   60s
 12138  7755   95.86793   28  482   91.00000   99.78811  9.66%   245   65s
 13838  8996   93.85241   44  354   91.00000   99.70190  9.56%   242   70s
 15617 10251   93.42948   32  508   91.00000   99.60657  9.46%   241   75s
 17800 11725   94.81808   42  424   91.00000   99.41378  9.25%   238   80s
 19452 12622   96.77534   32  599   91.00000   99.27266  9.09%   236   86s
 20841 13621   93.60503   40  461   91.00000   99.24294  9.06%   237   91s
 22682 14738   94.15964   48  393   91.00000   99.09018  8.89%   236   96s
 24333 16029   94.57483   30  301   91.00000   98.97095  8.76%   236  100s
 25866 16901   94.46498   41  346   91.00000   98.90865  8.69%   235  105s
 28142 18145   96.16956   27  523   91.00000   98.81498  8.59%   233  111s
 30301 19742   96.30364   29  427   91.00000   98.70740  8.47%   232  119s
 31682 20649   95.53478   31  454   91.00000   98.64230  8.40%   232  122s
 33128 21589   96.16538   29  540   91.00000   98.58486  8.34%   231  125s
 36188 23297   94.09006   32  323   91.00000   98.50988  8.25%   229  132s
 37369 24275   93.53676   46  231   91.00000   98.46612  8.20%   229  136s
 40717 26160     cutoff   44        91.00000   98.36944  8.10%   228  143s
 42448 26161   94.31337   53  758   91.00000   98.30447  8.03%   227  160s
 42474 26178   94.04663   45  797   91.00000   98.30447  8.03%   227  165s
 42494 26192   96.77237   28  806   91.00000   98.30447  8.03%   227  170s
 42516 26206   93.42522   65  844   91.00000   98.30447  8.03%   227  175s
 42573 26280   98.30447   32  795   91.00000   98.30447  8.03%   228  180s
 42979 26478   98.19628   43  367   91.00000   98.30447  8.03%   229  187s
 43249 26554   94.27207   47  270   91.00000   98.30447  8.03%   230  190s
 43838 26750   98.30447   45  608   91.00000   98.30447  8.03%   230  195s
 44176 26950   98.04790   55  472   91.00000   98.30447  8.03%   230  200s
 44882 27205   94.18532   57  387   91.00000   98.30447  8.03%   231  205s
 45763 27515     cutoff   69        91.00000   98.30447  8.03%   232  210s
 46526 27780   98.30447   35  601   91.00000   98.30447  8.03%   232  215s
 47970 28411   93.37844   67  367   91.00000   98.30447  8.03%   233  222s
 48937 28708   97.45758   40  590   91.00000   98.30447  8.03%   233  225s
 50992 29421   95.76200   43  522   91.00000   98.30447  8.03%   233  231s
 53277 29983   94.52416   57  408   91.00000   98.30447  8.03%   231  236s
 55591 30622   92.75519   63  314   91.00000   98.30447  8.03%   231  241s
 57865 31369   94.92370   47  388   91.00000   98.30447  8.03%   230  246s
 59687 31872   93.51338   59  367   91.00000   98.30447  8.03%   230  250s
 61724 32437   94.30701   57  403   91.00000   98.30447  8.03%   229  257s
 62796 32672     cutoff   62        91.00000   98.30447  8.03%   229  260s
 64948 33211   94.27049   52  360   91.00000   98.21697  7.93%   228  266s
 66694 33661   96.13577   45  395   91.00000   98.12483  7.83%   228  271s
 68767 34001   93.05213   58  321   91.00000   98.04137  7.74%   228  276s
 70112 34627   95.33727   45  457   91.00000   97.98362  7.67%   227  282s
 71268 35028   94.99007   43  359   91.00000   97.98362  7.67%   227  286s
 72663 35329   95.56248   40  361   91.00000   97.89761  7.58%   226  291s
 74271 35662   92.10835   44  463   91.00000   97.82708  7.50%   226  295s
 77400 36370   96.33863   50  456   91.00000   97.71227  7.38%   225  301s
 80744 36665   93.83481   45  309   91.00000   97.63259  7.29%   224  307s
 83870 37562   94.53511   45  486   91.00000   97.53921  7.19%   223  312s
 85670 38047   93.50437   44  495   91.00000   97.49845  7.14%   223  316s
 89523 38670   94.21908   54  397   91.00000   97.39140  7.02%   222  321s
 91097 38887   92.88254   63  404   91.00000   97.36095  6.99%   222  326s
 94267 39825   96.35167   43  454   91.00000   97.27864  6.90%   221  332s
 95912 40027   94.33537   43  339   91.00000   97.24504  6.86%   221  335s
 98984 40750   92.86545   56  229   91.00000   97.18104  6.79%   220  341s
 102505 41429   95.49518   43  396   91.00000   97.10434  6.71%   220  346s
 105911 41882   94.38760   50  317   91.00000   97.03364  6.63%   219  352s
 107528 42451   95.27697   44  428   91.00000   97.01200  6.61%   219  356s
 109534 42348   93.30677   69  368   91.00000   96.96723  6.56%   219  361s
 112643 43395   92.20256   71  288   91.00000   96.91859  6.50%   218  367s
 116115 44081   95.21307   51  590   91.00000   96.86415  6.44%   217  372s
 117779 44519   93.98156   45  592   91.00000   96.83297  6.41%   217  375s
 121334 45220   95.37218   51  427   91.00000   96.77474  6.35%   216  380s
 124921 46747   93.22367   55  251   91.00000   96.71725  6.28%   215  385s
 128233 48462   95.24937   49  405   91.00000   96.66962  6.23%   215  391s
 130275 49268   92.64679   50  438   91.00000   96.64005  6.20%   214  396s
 133514 50664   92.23881   62  346   91.00000   96.59596  6.15%   214  402s
 136797 52154   92.65506   62  375   91.00000   96.55124  6.10%   213  407s
 139981 53398   92.71407   49  305   91.00000   96.51074  6.06%   213  412s
 142785 54906   93.60609   44  287   91.00000   96.48171  6.02%   212  417s
 144168 55642   94.21672   47  405   91.00000   96.47261  6.01%   212  420s
 147679 57432   95.08632   57  446   91.00000   96.42398  5.96%   211  425s
 149481 58527   94.16185   58  322   91.00000   96.40076  5.93%   211  431s
 153085 60064   92.32966   55  468   91.00000   96.35715  5.89%   210  436s
 156497 61582   92.57746   58  377   91.00000   96.32002  5.85%   210  441s
 159805 62863     cutoff   67        91.00000   96.28851  5.81%   209  445s
 163043 64254   93.75752   45  386   91.00000   96.25896  5.78%   209  450s
 167363 66146   94.13652   54  431   91.00000   96.20727  5.72%   208  457s
 170641 67632   93.57328   60  326   91.00000   96.17465  5.69%   208  465s
 174342 69033   92.35002   56  385   91.00000   96.13812  5.65%   207  470s
 177345 69932   93.22155   50  235   91.00000   96.11188  5.62%   207  475s
 179850 71395     cutoff   60        91.00000   96.09538  5.60%   206  480s
 183468 72881   92.59996   43  416   91.00000   96.05861  5.56%   206  486s
 186958 74265   93.39654   64  425   91.00000   96.02654  5.52%   206  492s
 188592 74925   93.12357   59  522   91.00000   96.01290  5.51%   205  497s
 190247 75706   92.59800   54  410   91.00000   96.00167  5.50%   205  501s
 194015 77192   92.59038   60  511   91.00000   95.96624  5.46%   205  507s
 197373 78471   94.39217   54  343   91.00000   95.93978  5.43%   204  512s
 198629 79064   92.43715   50  311   91.00000   95.93140  5.42%   204  515s
 201878 80383   94.47343   64  428   91.00000   95.90048  5.39%   204  521s
 205038 81790   92.56645   37  430   91.00000   95.87887  5.36%   204  528s
 206828 82414   92.99304   55  384   91.00000   95.86658  5.35%   203  533s
 208472 83107     cutoff   66        91.00000   95.85416  5.33%   203  536s
 211815 84340   92.30840   64  446   91.00000   95.83175  5.31%   203  541s
 215692 85701   93.87986   46  429   91.00000   95.80539  5.28%   202  546s
 218817 86495   93.39917   58  424   91.00000   95.78095  5.25%   202  551s
 221699 87627   92.48496   67  366   91.00000   95.76161  5.23%   202  555s
 226773 89439   92.96344   49  287   91.00000   95.72567  5.19%   201  562s
 230163 90697   92.76057   54  427   91.00000   95.70091  5.17%   201  568s
 231774 91217     cutoff   52        91.00000   95.68863  5.15%   201  571s
 235001 92153   92.15505   52  391   91.00000   95.67036  5.13%   200  576s
 236075 93152   92.29215   46  300   91.00000   95.66774  5.13%   200  581s
 241056 94324   93.58553   63  350   91.00000   95.63094  5.09%   200  587s
 243551 94825   93.58028   58  338   91.00000   95.61427  5.07%   200  592s
 244191 95544   93.44117   59  285   91.00000   95.61427  5.07%   200  595s
 248075 96594   93.74766   48  378   91.00000   95.58787  5.04%   199  602s
 249917 97249     cutoff   51        91.00000   95.57385  5.03%   199  605s
 255450 99317   92.53237   60  274   91.00000   95.54349  4.99%   199  613s
 257427 99711     cutoff   58        91.00000   95.52823  4.98%   198  615s
 260562 100984 infeasible   41        91.00000   95.51123  4.96%   198  620s
 265750 102762   92.56443   56  437   91.00000   95.48356  4.93%   198  626s
 269096 103912     cutoff   50        91.00000   95.46480  4.91%   197  631s
 270886 104523   94.49947   56  415   91.00000   95.45425  4.89%   197  635s
 274103 105552     cutoff   47        91.00000   95.43749  4.88%   197  640s
 276949 106722   93.28679   53  441   91.00000   95.42195  4.86%   197  645s
 282165 108398   92.71441   68  291   91.00000   95.39862  4.83%   196  652s
 285396 109446     cutoff   41        91.00000   95.38165  4.82%   196  656s
 288737 110435   92.20530   54  537   91.00000   95.36526  4.80%   196  661s
 291682 111307   92.26737   47  456   91.00000   95.34867  4.78%   196  665s
 293366 111948   93.04675   60  329   91.00000   95.34058  4.77%   196  670s
 298373 113394   94.69621   49  531   91.00000   95.31633  4.74%   195  677s
 301971 114462   93.03303   67  421   91.00000   95.30029  4.73%   195  681s
 305128 115264   93.25757   50  392   91.00000   95.28535  4.71%   195  686s
 307297 116132   92.06409   62  229   91.00000   95.28017  4.70%   195  690s
 310756 117284     cutoff   50        91.00000   95.25475  4.68%   194  695s
 313777 117830   92.85054   60  331   91.00000   95.24204  4.66%   194  700s
 316321 118906   94.51607   50  306   91.00000   95.22990  4.65%   194  707s
 319778 119932     cutoff   62        91.00000   95.21286  4.63%   194  712s
 323442 120998   94.20723   48  346   91.00000   95.19669  4.61%   193  716s
 326816 121869   93.57498   48  381   91.00000   95.18182  4.60%   193  721s
 329985 122671     cutoff   53        91.00000   95.17254  4.59%   193  725s
 334360 123889   92.41847   61  246   91.00000   95.15262  4.56%   193  731s
 337693 124951   92.90219   45  376   91.00000   95.13965  4.55%   192  738s
 339290 125324   94.23002   44  389   91.00000   95.13342  4.54%   192  740s
 343141 126174   93.09502   56  410   91.00000   95.11736  4.52%   192  745s
 347997 127564   92.60676   49  376   91.00000   95.09949  4.50%   192  751s
 351456 128440   92.07487   50  281   91.00000   95.08699  4.49%   191  756s
 354788 129184     cutoff   68        91.00000   95.07345  4.48%   191  760s
 358126 130209   94.15363   53  325   91.00000   95.05852  4.46%   191  765s
 362985 131607   92.45640   48  349   91.00000   95.03979  4.44%   191  774s
 364901 132011   92.19072   55  208   91.00000   95.03121  4.43%   191  776s
 368360 132670     cutoff   53        91.00000   95.01752  4.41%   190  781s
 371339 133603     cutoff   46        91.00000   95.00422  4.40%   190  785s
 376471 134567   92.87028   52  320   91.00000   94.98441  4.38%   190  791s
 378276 135143   93.21760   48  590   91.00000   94.98029  4.37%   190  795s
 381539 135958     cutoff   52        91.00000   94.96669  4.36%   190  800s
 384926 136945   92.99884   54  281   91.00000   94.95516  4.35%   189  807s
 388546 137885   93.45138   54  393   91.00000   94.94086  4.33%   189  812s
 391803 138706 infeasible   60        91.00000   94.93012  4.32%   189  816s
 395032 139382   93.08563   51  291   91.00000   94.91970  4.31%   189  821s
 398153 140008     cutoff   43        91.00000   94.90873  4.30%   189  825s
 401176 140822     cutoff   67        91.00000   94.89781  4.28%   189  830s
 406409 142101   92.55611   52  259   91.00000   94.87940  4.26%   188  837s
 408440 142526   92.75452   52  358   91.00000   94.87350  4.26%   188  841s
 411123 143210     cutoff   63        91.00000   94.86320  4.25%   188  845s
 416391 144320   92.99593   59  482   91.00000   94.84509  4.23%   188  851s
 419331 145053   92.84556   58  331   91.00000   94.83966  4.22%   188  855s
 422688 145772   92.24408   46  243   91.00000   94.82403  4.20%   187  860s
 427921 146988     cutoff   65        91.00000   94.80511  4.18%   187  867s
 431517 147612   92.23368   69  396   91.00000   94.79182  4.17%   187  871s
 433091 148016   92.46940   65  347   91.00000   94.78655  4.16%   187  875s
 437769 149074     cutoff   55        91.00000   94.76998  4.14%   187  881s
 441073 149741     cutoff   56        91.00000   94.75790  4.13%   186  885s
 446077 150782     cutoff   59        91.00000   94.74056  4.11%   186  891s
 449448 151440   92.59214   58  265   91.00000   94.73197  4.10%   186  896s
 452816 152019 infeasible   50        91.00000   94.72188  4.09%   186  900s
 456708 152508     cutoff   63        91.00000   94.70862  4.08%   186  909s
 456737 152565   92.17876   64  294   91.00000   94.70808  4.07%   186  912s
 457452 152807   92.16914   45  246   91.00000   94.70724  4.07%   186  917s
 459209 153593   92.50036   48  320   91.00000   94.70619  4.07%   186  922s
 461518 154028   94.29480   50  338   91.00000   94.69275  4.06%   186  925s
 465469 154669     cutoff   47        91.00000   94.68324  4.05%   185  930s
 469609 155364   94.28307   52  403   91.00000   94.66740  4.03%   185  935s
 473511 156105     cutoff   42        91.00000   94.65601  4.02%   185  940s
 476928 156609   92.89946   61  481   91.00000   94.64583  4.01%   185  946s
 479988 157184   92.19133   71  376   91.00000   94.63531  3.99%   185  950s
 484854 158225     cutoff   55        91.00000   94.61955  3.98%   185  956s
 488150 158771     cutoff   53        91.00000   94.61094  3.97%   184  960s
 491116 159350   93.75001   43  285   91.00000   94.60249  3.96%   184  965s
 495561 160181   92.44986   65  329   91.00000   94.59037  3.95%   184  972s
 499444 160696     cutoff   60        91.00000   94.57613  3.93%   184  978s
 501307 160954     cutoff   48        91.00000   94.57085  3.92%   184  981s
 504389 161532   92.12649   60  278   91.00000   94.56602  3.92%   184  985s
 509613 162444   92.29926   45  392   91.00000   94.54535  3.90%   184  992s
 512915 162959     cutoff   49        91.00000   94.53496  3.88%   183  996s
 516576 163526     cutoff   53        91.00000   94.52424  3.87%   183 1000s
 519854 164069   92.81582   51  189   91.00000   94.51445  3.86%   183 1005s
 524805 164814   92.97619   47  239   91.00000   94.50126  3.85%   183 1013s
 526456 165050   92.55437   62  272   91.00000   94.49611  3.84%   183 1015s
 529714 165400   92.71372   65  279   91.00000   94.48783  3.83%   183 1020s
 532885 165907     cutoff   51        91.00000   94.47845  3.82%   183 1025s
 536211 166414     cutoff   55        91.00000   94.46759  3.81%   183 1031s
 539758 166856   92.28314   63  234   91.00000   94.45751  3.80%   182 1036s
 543113 167266   92.20433   50  350   91.00000   94.44990  3.79%   182 1040s
 545936 167742   92.00198   54  191   91.00000   94.44093  3.78%   182 1047s
 549478 168103   92.23158   52  302   91.00000   94.43063  3.77%   182 1051s
 551224 168436   92.44080   61  324   91.00000   94.42774  3.77%   182 1055s
 554468 168997     cutoff   65        91.00000   94.41723  3.76%   182 1060s
 558063 169573   93.52928   51  329   91.00000   94.40745  3.74%   182 1065s
 563096 170348   92.31522   60  330   91.00000   94.39360  3.73%   182 1071s
 566537 170813   92.86161   50  422   91.00000   94.38288  3.72%   182 1076s
 570050 171138   92.04899   37  309   91.00000   94.37275  3.71%   181 1082s
 573283 171466     cutoff   54        91.00000   94.36347  3.70%   181 1086s
 576624 171904   92.67678   65  336   91.00000   94.35319  3.68%   181 1090s
 579722 172334   93.07628   57  496   91.00000   94.34496  3.68%   181 1095s
 584875 172948     cutoff   53        91.00000   94.33177  3.66%   181 1101s
 588155 173346     cutoff   51        91.00000   94.32221  3.65%   181 1105s
 592775 173806   92.43663   58  372   91.00000   94.31006  3.64%   181 1111s
 594467 173997     cutoff   49        91.00000   94.30536  3.63%   181 1116s
 597742 174362   92.13014   52  366   91.00000   94.29611  3.62%   181 1120s
 601147 174836   92.83704   49  327   91.00000   94.28652  3.61%   181 1125s
 606088 175238     cutoff   63        91.00000   94.27440  3.60%   180 1131s
 609447 175529   92.39832   46  430   91.00000   94.26405  3.59%   180 1135s
 614289 175978     cutoff   65        91.00000   94.25191  3.57%   180 1141s
 617484 176271     cutoff   46        91.00000   94.24342  3.56%   180 1145s
 619094 176445 infeasible   58        91.00000   94.23855  3.56%   180 1150s
 622371 176698   92.31206   54  334   91.00000   94.22994  3.55%   180 1155s
 627388 177081   93.00758   60  223   91.00000   94.21660  3.53%   180 1161s
 630307 177311     cutoff   57        91.00000   94.21084  3.53%   180 1165s
 634226 177572   92.23394   47  220   91.00000   94.20055  3.52%   180 1171s
 636508 177899   92.89705   50  433   91.00000   94.19488  3.51%   180 1176s
 640461 178215   92.14764   62  251   91.00000   94.18134  3.50%   180 1181s
 641920 178398   92.47939   62  358   91.00000   94.17771  3.49%   180 1185s
 645725 178691   92.47148   46  276   91.00000   94.16722  3.48%   180 1190s
 650617 179125   92.39718   64  345   91.00000   94.15316  3.47%   179 1196s
 653784 179319   92.18322   58  486   91.00000   94.14516  3.46%   179 1200s
 656733 179557   92.73268   42  299   91.00000   94.13639  3.45%   179 1205s
 661629 179853   92.36919   55  325   91.00000   94.12389  3.43%   179 1211s
 663898 180013   92.20261   57  300   91.00000   94.11794  3.43%   179 1215s
 665583 180136     cutoff   53        91.00000   94.11268  3.42%   179 1220s
 670419 180556     cutoff   53        91.00000   94.10166  3.41%   179 1227s
 673746 180691   93.79725   43  404   91.00000   94.09269  3.40%   179 1231s
 677133 180902     cutoff   51        91.00000   94.08350  3.39%   179 1235s
 682208 181179     cutoff   49        91.00000   94.06991  3.37%   179 1242s
 685429 181247   92.08663   59  331   91.00000   94.06123  3.36%   179 1246s
 688675 181385     cutoff   56        91.00000   94.05223  3.35%   179 1253s
 690371 181437   93.34893   39  434   91.00000   94.04786  3.35%   179 1255s
 695065 181626 infeasible   48        91.00000   94.03386  3.33%   179 1261s
 698286 181823   93.97012   49  311   91.00000   94.02565  3.32%   179 1266s
 701387 181995     cutoff   48        91.00000   94.01722  3.32%   179 1270s
 706364 182106     cutoff   52        91.00000   94.00317  3.30%   178 1276s
 709616 182171     cutoff   57        91.00000   93.99445  3.29%   178 1281s
 712985 182281     cutoff   56        91.00000   93.98580  3.28%   178 1288s
 714679 182356   93.24637   47  351   91.00000   93.98082  3.28%   178 1290s
 719695 182501     cutoff   58        91.00000   93.96667  3.26%   178 1297s
 723109 182566     cutoff   47        91.00000   93.95794  3.25%   178 1301s
 726383 182693   92.57151   41  434   91.00000   93.94911  3.24%   178 1305s
 728239 182759   93.53403   58  444   91.00000   93.94580  3.24%   178 1310s
 730558 182802   93.10036   57  326   91.00000   93.93999  3.23%   178 1315s
 734086 182887   92.21834   56  245   91.00000   93.92882  3.22%   178 1322s
 737297 183000   92.34556   56  254   91.00000   93.92127  3.21%   178 1326s
 740606 183052   92.17922   54  350   91.00000   93.91304  3.20%   178 1330s
 744122 183057     cutoff   55        91.00000   93.90382  3.19%   178 1335s
 748587 183004   92.61355   40  263   91.00000   93.89311  3.18%   178 1341s
 752135 183033   93.54119   37  444   91.00000   93.88178  3.17%   178 1346s
 755741 183062   93.03162   51  356   91.00000   93.87217  3.16%   178 1350s
 758991 182994 infeasible   59        91.00000   93.86439  3.15%   178 1357s
 761839 182895   92.79543   66  302   91.00000   93.85599  3.14%   178 1361s
 765085 182907   92.31322   50  256   91.00000   93.84726  3.13%   178 1365s
 770119 182879     cutoff   51        91.00000   93.83407  3.11%   177 1372s
 773183 182810   92.03865   49  204   91.00000   93.82539  3.10%   177 1376s
 776584 182830   92.31511   58  199   91.00000   93.81687  3.10%   177 1381s
 779882 182784     cutoff   66        91.00000   93.80861  3.09%   177 1385s
 783125 182701     cutoff   49        91.00000   93.79987  3.08%   177 1392s
 786268 182594   93.09404   60  321   91.00000   93.79247  3.07%   177 1396s
 789643 182541     cutoff   49        91.00000   93.78273  3.06%   177 1401s
 792924 182360     cutoff   67        91.00000   93.77411  3.05%   177 1405s
 797602 182192   92.27730   44  315   91.00000   93.76167  3.03%   177 1411s
 801073 182007   92.98359   60  253   91.00000   93.75168  3.02%   177 1416s
 804482 181830     cutoff   53        91.00000   93.74281  3.01%   177 1420s
 806205 181769   93.02339   40  444   91.00000   93.73836  3.01%   177 1425s
 810904 181425   92.29184   48  285   91.00000   93.72615  3.00%   177 1431s
 814287 181274     cutoff   52        91.00000   93.71746  2.99%   177 1436s
 817658 181110     cutoff   59        91.00000   93.70864  2.98%   177 1440s
 822257 180849   92.05891   53  361   91.00000   93.69559  2.96%   177 1446s
 825746 180678     cutoff   54        91.00000   93.68909  2.96%   177 1451s
 829127 180499   92.77968   54  279   91.00000   93.68004  2.95%   177 1455s
 832020 180288     cutoff   48        91.00000   93.67358  2.94%   177 1462s
 835347 180096   92.04615   57  217   91.00000   93.66349  2.93%   177 1466s
 838615 179881     cutoff   47        91.00000   93.65363  2.92%   177 1470s
 841973 179676     cutoff   52        91.00000   93.64576  2.91%   176 1475s
 845726 179421   92.12018   63  287   91.00000   93.63747  2.90%   176 1481s
 849250 179036   92.78539   46  283   91.00000   93.62512  2.88%   176 1486s
 852763 178751     cutoff   60        91.00000   93.61503  2.87%   176 1493s
 854431 178584   92.59678   53  312   91.00000   93.61182  2.87%   176 1495s
 857896 178213   93.11100   58  538   91.00000   93.60227  2.86%   176 1500s
 861387 177954   92.85965   45  283   91.00000   93.59326  2.85%   176 1505s
 865576 177420     cutoff   47        91.00000   93.58155  2.84%   176 1511s
 868883 177015     cutoff   54        91.00000   93.57314  2.83%   176 1516s
 872246 176592     cutoff   56        91.00000   93.56455  2.82%   176 1520s
 877366 176006     cutoff   54        91.00000   93.54986  2.80%   176 1529s
 878723 175768   92.18646   49  262   91.00000   93.54577  2.80%   176 1531s
 882144 175387   92.86385   52  338   91.00000   93.53647  2.79%   176 1535s
 885532 174901   92.53922   62  252   91.00000   93.52740  2.78%   176 1540s
 890525 174339     cutoff   59        91.00000   93.51476  2.76%   176 1546s
 893847 173805 infeasible   49        91.00000   93.50623  2.75%   176 1550s
 898864 173113     cutoff   53        91.00000   93.49374  2.74%   176 1557s
 902121 172548   92.61185   54  509   91.00000   93.48481  2.73%   176 1564s
 903673 172296     cutoff   48        91.00000   93.48059  2.73%   176 1566s
 907104 171758   93.15344   52  242   91.00000   93.47187  2.72%   175 1570s
 911970 170962     cutoff   51        91.00000   93.45848  2.70%   175 1576s
 915199 170452   93.00464   49  489   91.00000   93.45013  2.69%   175 1580s
 920106 169632   92.01590   63  443   91.00000   93.43709  2.68%   175 1587s
 923394 168961     cutoff   65        91.00000   93.42791  2.67%   175 1591s
 926093 168436     cutoff   53        91.00000   93.42073  2.66%   175 1598s
 927014 168224     cutoff   62        91.00000   93.42013  2.66%   175 1600s
 929816 167590   93.02827   46  252   91.00000   93.41066  2.65%   175 1605s
 935295 166574   92.60573   50  171   91.00000   93.39549  2.63%   175 1611s
 938608 165819   92.05638   64  326   91.00000   93.38663  2.62%   175 1616s
 942096 164962   92.24647   52  412   91.00000   93.37627  2.61%   175 1620s
 945559 164202   92.40477   46  316   91.00000   93.36717  2.60%   175 1625s
 948909 163468     cutoff   54        91.00000   93.35845  2.59%   175 1631s
 952129 162679   92.21300   54  199   91.00000   93.34978  2.58%   175 1636s
 955502 161836     cutoff   50        91.00000   93.34054  2.57%   175 1640s
 960440 160653   92.74804   56  347   91.00000   93.32665  2.56%   175 1646s
 963684 159832     cutoff   68        91.00000   93.31766  2.55%   174 1650s
 967033 158976     cutoff   49        91.00000   93.30864  2.54%   174 1655s
 972077 157615     cutoff   59        91.00000   93.29436  2.52%   174 1661s
 973507 157208   92.48267   45  487   91.00000   93.29169  2.52%   174 1666s
 976875 156259   92.37886   44  360   91.00000   93.28144  2.51%   174 1670s
 981851 154860   92.30925   49  302   91.00000   93.26734  2.49%   174 1676s
 985036 153912   92.57053   55  332   91.00000   93.25816  2.48%   174 1681s
 988281 152908     cutoff   45        91.00000   93.24825  2.47%   174 1685s
 993399 151567     cutoff   66        91.00000   93.23484  2.46%   174 1691s
 996503 150695   92.48045   52  322   91.00000   93.22743  2.45%   174 1695s
 999860 149678     cutoff   58        91.00000   93.21704  2.44%   174 1702s
 1003172 148605     cutoff   57        91.00000   93.20817  2.43%   174 1706s
 1006204 147600     cutoff   57        91.00000   93.20277  2.42%   174 1710s
 1009237 146534     cutoff   50        91.00000   93.19079  2.41%   173 1715s
 1014300 144737     cutoff   51        91.00000   93.17606  2.39%   173 1721s
 1017671 143618   92.26778   54  134   91.00000   93.16676  2.38%   173 1725s
 1022558 141907   92.39252   53  424   91.00000   93.15374  2.37%   173 1731s
 1024274 141593   92.64669   49  260   91.00000   93.14891  2.36%   173 1736s
 1026239 140949   92.20211   49  305   91.00000   93.14700  2.36%   173 1740s
 1029038 139507     cutoff   46        91.00000   93.13557  2.35%   173 1745s
 1034404 137503     cutoff   55        91.00000   93.12146  2.33%   173 1751s
 1038067 136174   92.01735   57  196   91.00000   93.11034  2.32%   173 1756s
 1041522 134817     cutoff   70        91.00000   93.10063  2.31%   173 1760s
 1046548 132809   92.10420   61  221   91.00000   93.08569  2.29%   172 1766s
 1048352 132089 infeasible   44        91.00000   93.08090  2.29%   172 1771s
 1051749 130615     cutoff   64        91.00000   93.07055  2.28%   172 1775s
 1056528 128574     cutoff   47        91.00000   93.05717  2.26%   172 1781s
 1059905 126985     cutoff   58        91.00000   93.04600  2.25%   172 1785s
 1064025 125139     cutoff   48        91.00000   93.03500  2.24%   172 1791s
 1067496 123667     cutoff   60        91.00000   93.02363  2.22%   172 1795s
 1070882 122152     cutoff   54        91.00000   93.01375  2.21%   172 1800s
 1074359 120502     cutoff   59        91.00000   93.00341  2.20%   172 1806s
 1077830 118976     cutoff   59        91.00000   92.99319  2.19%   172 1810s
 1082825 116573   92.04833   47  408   91.00000   92.97713  2.17%   171 1816s
 1086256 114860     cutoff   58        91.00000   92.96658  2.16%   171 1820s
 1091174 112380     cutoff   55        91.00000   92.95032  2.14%   171 1825s
 1096074 109720   92.35775   44  317   91.00000   92.93419  2.13%   171 1831s
 1099376 107832     cutoff   66        91.00000   92.92402  2.11%   171 1838s
 1101070 106918   92.15267   41  285   91.00000   92.91941  2.11%   171 1840s
 1105931 104195     cutoff   50        91.00000   92.90292  2.09%   171 1845s
 1110962 101352     cutoff   57        91.00000   92.88716  2.07%   170 1851s
 1114291 99520     cutoff   69        91.00000   92.87646  2.06%   170 1855s
 1119151 96513     cutoff   62        91.00000   92.85932  2.04%   170 1860s
 1124148 93479     cutoff   60        91.00000   92.84180  2.02%   170 1866s
 1127329 91535     cutoff   58        91.00000   92.83300  2.01%   170 1870s
 1130738 89493     cutoff   55        91.00000   92.82129  2.00%   170 1876s
 1135208 86746     cutoff   45        91.00000   92.81397  1.99%   169 1881s
 1138376 84563     cutoff   53        91.00000   92.79705  1.97%   169 1885s
 1143612 80946     cutoff   50        91.00000   92.77722  1.95%   169 1891s
 1148891 77400     cutoff   55        91.00000   92.75776  1.93%   169 1896s
 1152071 75244     cutoff   47        91.00000   92.74991  1.92%   169 1900s
 1157262 71546     cutoff   66        91.00000   92.72789  1.90%   168 1907s
 1160520 69345     cutoff   51        91.00000   92.72034  1.89%   168 1911s
 1164977 65893     cutoff   59        91.00000   92.70493  1.87%   168 1916s
 1168586 63268     cutoff   48        91.00000   92.68495  1.85%   168 1920s
 1173975 59329     cutoff   59        91.00000   92.66291  1.83%   168 1925s
 1179109 55253     cutoff   59        91.00000   92.64311  1.81%   167 1930s
 1186231 50508   92.10256   53  333   91.00000   92.61397  1.77%   167 1936s
 1187334 49769     cutoff   62        91.00000   92.61034  1.77%   167 1942s
 1188897 48080     cutoff   59        91.00000   92.60965  1.77%   167 1946s
 1193659 43368     cutoff   65        91.00000   92.60076  1.76%   166 1951s
 1197896 40119     cutoff   51        91.00000   92.56123  1.72%   166 1955s
 1203858 34935   92.07656   53  443   91.00000   92.53359  1.69%   166 1960s
 1209692 30101     cutoff   61        91.00000   92.50261  1.65%   165 1965s
 1217021 23531     cutoff   44        91.00000   92.45856  1.60%   165 1970s
 1220877 20122     cutoff   51        91.00000   92.43485  1.58%   165 1975s
 1227899 13644     cutoff   62        91.00000   92.40401  1.54%   164 1980s
 1235777  6212     cutoff   50        91.00000   92.29883  1.43%   163 1985s

Cutting planes:
  Gomory: 109
  Cover: 446
  Implied bound: 82
  Dual implied bound: 71
  Clique: 2
  MIR: 329
  StrongCG: 160
  Flow cover: 199
  GUB cover: 75
  Zero half: 31
  Mod-K: 53
  RLT: 243

Explored 1243943 nodes (202247902 simplex iterations) in 1987.99 seconds (4704.65 work units)
Thread count was 16 (of 16 available processors)

Solution count 1: 91 

Optimal solution found (tolerance 1.00e-04)
Best objective 9.100000000000e+01, best bound 9.100000000000e+01, gap 0.0000%
