
Gurobi 13.0.3 (linux64) logging started Sun Sep 13 06:44:37 2026

Set parameter LogFile to value "Logs/Gurobi/dags_050_s2.txt"
Gurobi Optimizer version 13.0.3 build v13.0.3rc0 (linux64 - "Ubuntu 24.04.4 LTS")

CPU model: AMD Ryzen 7 7700 8-Core Processor, instruction set [SSE2|AVX|AVX2|AVX512]
Thread count: 8 physical cores, 16 logical processors, using up to 16 threads

Non-default parameters:
TimeLimit  3600
LogToConsole  0

Academic license 2863599 - for non-commercial use only - registered to be___@usm.cl
Optimize a model with 9498 rows, 5333 columns and 20695 nonzeros (Max)
Model fingerprint: 0x92b24a21
Model has 4710 linear objective coefficients
Variable types: 4710 continuous, 623 integer (623 binary)
Coefficient statistics:
  Matrix range     [1e+00, 5e+01]
  Objective range  [1e+00, 9e+01]
  Bounds range     [1e+00, 1e+00]
  RHS range        [1e+00, 1e+00]

Warning: Completing partial solution with 573 unfixed non-continuous variables out of 623
User MIP start produced solution with objective 1020 (0.00s)
Loaded user MIP start with objective 1020

Presolve removed 67 rows and 35 columns
Presolve time: 0.03s
Presolved: 9431 rows, 5298 columns, 20511 nonzeros
Variable types: 4678 continuous, 620 integer (620 binary)

Root relaxation: objective 5.295061e+03, 12666 iterations, 0.59 seconds (1.43 work units)

    Nodes    |    Current Node    |     Objective Bounds      |     Work
 Expl Unexpl |  Obj  Depth IntInf | Incumbent    BestBd   Gap | It/Node Time

     0     0 5295.06106    0  365 1020.00000 5295.06106   419%     -    0s
H    0     0                    1035.0000000 5295.06106   412%     -    0s
H    0     0                    1037.0000000 5294.19439   411%     -    1s
H    0     0                    1043.0000000 3303.56114   217%     -    4s
H    0     0                    1055.0000000 3303.56114   213%     -    4s
H    0     0                    1065.0000000 3303.56114   210%     -    4s
H    0     0                    1070.0000000 3303.56114   209%     -    4s
H    0     0                    1077.0000027 3303.56114   207%     -    4s
H    0     0                    1081.0000000 3303.56114   206%     -    4s
H    0     0                    1082.0000022 3303.56114   205%     -    4s
H    0     0                    1091.0000041 3303.56114   203%     -    4s
     0     0 3303.56114    0  185 1091.00000 3303.56114   203%     -    4s
H    0     0                    1096.0000000 3301.82516   201%     -    4s
     0     0 3301.82516    0  185 1096.00000 3301.82516   201%     -    4s
     0     0 1688.20566    0  228 1096.00000 1688.20566  54.0%     -    6s
     0     0 1686.97300    0  239 1096.00000 1686.97300  53.9%     -    6s
     0     0 1567.53868    0  267 1096.00000 1567.53868  43.0%     -    7s
     0     0 1535.38575    0  263 1096.00000 1535.38575  40.1%     -    8s
     0     0 1535.11695    0  283 1096.00000 1535.11695  40.1%     -    8s
     0     0 1516.77021    0  315 1096.00000 1516.77021  38.4%     -    8s
H    0     0                    1114.0000000 1516.75207  36.2%     -    9s
H    0     0                    1115.0000000 1516.75207  36.0%     -    9s
     0     0 1516.21451    0  312 1115.00000 1516.21451  36.0%     -    9s
     0     0 1515.17890    0  313 1115.00000 1515.17890  35.9%     -    9s
     0     0 1515.17759    0  313 1115.00000 1515.17759  35.9%     -    9s
H    0     0                    1130.0000000 1515.17759  34.1%     -    9s
H    0     0                    1170.0000000 1515.17759  29.5%     -    9s
H    0     0                    1182.0000000 1515.17759  28.2%     -    9s
H    0     0                    1185.0000000 1515.17759  27.9%     -    9s
H    0     0                    1191.0000041 1515.17759  27.2%     -    9s
     0     2 1515.17759    0  313 1191.00000 1515.17759  27.2%     -    9s
     1     4 1515.11958    1  297 1191.00000 1515.16190  27.2%   184   10s
H   27    32                    1204.0000000 1513.56469  25.7%  1178   11s
H   36    40                    1215.0000000 1513.56469  24.6%  1124   12s
H   44    50                    1220.0000000 1513.56469  24.1%  1064   12s
H   48    50                    1224.0000000 1513.56469  23.7%  1021   12s
H   60    66                    1227.0000000 1513.56469  23.4%   994   13s
H   65    74                    1267.0000000 1513.56469  19.5%   948   13s
H  138   147                    1271.0000000 1513.56469  19.1%   756   15s
H  146   155                    1272.0000000 1513.56469  19.0%   752   15s
H  277   284                    1277.0000000 1513.56469  18.5%   674   19s
   372   411 1453.98163   40  157 1277.00000 1513.56469  18.5%   592   20s
H  874   810                    1299.0000000 1513.07300  16.5%   462   23s
   955   902 1330.53821   71  106 1299.00000 1513.07300  16.5%   458   25s
  1158  1081 1454.60422   38  156 1299.00000 1512.07065  16.4%   460   30s
  1560  1450 1487.66956   14  227 1299.00000 1512.07065  16.4%   453   35s
  1621  1451 1494.51973    8  313 1299.00000 1512.07065  16.4%   454   43s
  1623  1452 1482.42380   24  365 1299.00000 1509.29236  16.2%   453   59s
  1624  1453 1370.21089   89  213 1299.00000 1505.89552  15.9%   453   63s
  1629  1456 1487.32910   16  240 1299.00000 1505.89552  15.9%   451   65s
  1632  1458 1341.67266  100  321 1299.00000 1504.27608  15.8%   450   70s
  1637  1462 1497.77391    9  257 1299.00000 1499.65178  15.4%   449   76s
  1643  1466 1314.73167   74  327 1299.00000 1488.69774  14.6%   447   82s
  1649  1470 1454.00824   18  361 1299.00000 1480.69789  14.0%   446   86s
  1655  1474 1418.34650   45  406 1299.00000 1479.79222  13.9%   444   91s
  1660  1477 1309.50626   56  425 1299.00000 1478.18941  13.8%   443   95s
  1670  1484 1420.12752   46  416 1299.00000 1472.35794  13.3%   440  100s
  1675  1487 1471.78398   10  414 1299.00000 1471.78398  13.3%   439  105s
  1686  1494 1344.00973   66  456 1299.00000 1471.23245  13.3%   436  110s
  1698  1503 1451.35056   40  365 1299.00000 1470.85034  13.2%   489  120s
  1700  1505 1362.08135   25  244 1299.00000 1470.85034  13.2%   489  126s
  1705  1508 1470.85034   14  437 1299.00000 1470.85034  13.2%   487  130s
  1710  1511 1406.65951   17  420 1299.00000 1470.85034  13.2%   486  138s
  1714  1514 1416.83708   37  439 1299.00000 1470.85034  13.2%   485  142s
  1719  1517 1461.43877    9  447 1299.00000 1470.85034  13.2%   483  145s
  1724  1521 1370.21089   89  434 1299.00000 1470.85034  13.2%   482  150s
  1740  1531 1344.67636   53  464 1299.00000 1470.85034  13.2%   477  156s
  1742  1536 1470.85034   23  459 1299.00000 1470.85034  13.2%   528  161s
  1748  1546 1470.85034   25  456 1299.00000 1470.85034  13.2%   540  165s
  1773  1566 1470.85034   28  430 1299.00000 1470.85034  13.2%   562  171s
  1801  1589 1469.69595   30  365 1299.00000 1470.85034  13.2%   592  175s
  1855  1631 1467.61558   33  334 1299.00000 1470.85034  13.2%   640  180s
  1938  1681 1445.82533   37  334 1299.00000 1470.85034  13.2%   696  185s
  2025  1750 1432.33310   41  301 1299.00000 1470.85034  13.2%   738  191s
  2162  1849 1408.32653   46  212 1299.00000 1470.85034  13.2%   763  195s
  2296  1923 1428.33670   51  259 1299.00000 1470.85034  13.2%   772  201s
  2464  2016 1414.34474   56  280 1299.00000 1470.85034  13.2%   778  206s
  2585  2071 1404.53346   60  268 1299.00000 1470.85034  13.2%   780  210s
  2773  2112 1372.86425   67  186 1299.00000 1470.85034  13.2%   776  215s
  2883  2188 1350.08763   84   97 1299.00000 1470.85034  13.2%   802  220s
  2994  2244 1470.85034   31  396 1299.00000 1470.85034  13.2%   816  226s
  3126  2390 1468.45879   34  326 1299.00000 1470.85034  13.2%   829  230s
  3465  2544 1443.88908   39  261 1299.00000 1470.85034  13.2%   830  237s
  3579  2592 1423.01413   40  232 1299.00000 1470.85034  13.2%   836  240s
  3780  2695 1399.54461   46  203 1299.00000 1470.85034  13.2%   850  245s
  4059  2862 1348.59910   98  102 1299.00000 1470.85034  13.2%   842  253s
  4236  2880 1452.95584   34  370 1299.00000 1470.85034  13.2%   840  255s
  4453  3070 1441.74595   33  313 1299.00000 1470.85034  13.2%   866  263s
  4670  3102 1373.44974   39  193 1299.00000 1470.85034  13.2%   856  266s
  4857  3137 1468.64046   32  343 1299.00000 1470.85034  13.2%   853  270s
  5153  3340 1406.72833   61  215 1299.00000 1470.85034  13.2%   861  277s
H 5326  3180                    1302.0000000 1470.85034  13.0%   850  277s
  5334  3372 1429.53488   28  307 1302.00000 1470.85034  13.0%   852  281s
  5561  3397 1346.85820   52   79 1302.00000 1470.85034  13.0%   853  286s
  5829  3633 1410.78136   36  213 1302.00000 1470.85034  13.0%   845  294s
  6123  3742 1426.42242   31  278 1302.00000 1470.85034  13.0%   839  298s
  6371  3906 1379.46677   46  265 1302.00000 1470.85034  13.0%   838  304s
  6602  4057 1451.26063   32  286 1302.00000 1470.85034  13.0%   839  308s
  6796  4220 1470.85034   30  409 1302.00000 1470.85034  13.0%   844  312s
  7043  4485 1434.41449   45  307 1302.00000 1470.85034  13.0%   845  317s
  7334  4709 1382.41594   72  197 1302.00000 1470.85034  13.0%   844  322s
  7606  4995 1394.05103   51  284 1302.00000 1470.85034  13.0%   845  328s
  7959  5176 1438.77467   31  303 1302.00000 1470.85034  13.0%   840  333s
  8172  5384 1451.76986   33  346 1302.00000 1470.85034  13.0%   844  339s
  8434  5604 1388.68449   48  282 1302.00000 1470.34932  12.9%   850  344s
  8752  5861 1450.20213   35  377 1302.00000 1464.07135  12.4%   851  350s
  9047  6009 1312.58146   59  191 1302.00000 1464.07135  12.4%   856  357s
  9282  6263 1386.99922   42  253 1302.00000 1464.07135  12.4%   854  363s
  9610  6407 1415.75304   38  295 1302.00000 1462.86032  12.4%   860  369s
  9780  6707 1355.22476   59  217 1302.00000 1462.86032  12.4%   863  376s
 10185  6898 1321.20232   47  219 1302.00000 1462.05193  12.3%   867  383s
 10606  7196 1363.88408   40  246 1302.00000 1460.35016  12.2%   867  391s
 11080  7498 1452.17921   35  299 1302.00000 1459.81380  12.1%   866  398s
 11491  7857 1411.70255   54  238 1302.00000 1459.35648  12.1%   870  406s
 11967  8174 1424.28446   39  291 1302.00000 1458.56944  12.0%   870  414s
 12391  8590 1394.92930   38  293 1302.00000 1458.11193  12.0%   871  423s
 12910  9027 1439.97179   49  333 1302.00000 1457.55196  11.9%   870  431s
 13456  9477 1315.34295   97  200 1302.00000 1457.00679  11.9%   867  440s
 14028  9934     cutoff   82      1302.00000 1456.40950  11.9%   866  450s
 14621 10362 1355.03655   61  242 1302.00000 1455.89859  11.8%   862  460s
 15266 10856 1387.31513   40  231 1302.00000 1455.54192  11.8%   867  469s
 15905 11270 1329.03373   71  203 1302.00000 1454.70931  11.7%   863  477s
 16421 11705 1370.87574   63  222 1302.00000 1454.35799  11.7%   861  486s
 16964 12070 1353.49109   51  222 1302.00000 1453.78930  11.7%   863  496s
 17478 12578 1429.62866   43  339 1302.00000 1453.11224  11.6%   868  507s
 18164 12996 1388.38055   29  311 1302.00000 1452.42806  11.6%   867  519s
 18796 13351 1330.73819   56  173 1302.00000 1452.02393  11.5%   870  533s
 19289 13799 1315.22034   96  222 1302.00000 1451.97641  11.5%   869  545s
 19998 14320 1354.73135   50  209 1302.00000 1451.29551  11.5%   870  559s
 20769 14905 1412.38015   38  283 1302.00000 1450.21487  11.4%   871  572s
 21540 15502 1364.84130   61  200 1302.00000 1449.83105  11.4%   873  585s
 22377 16313 1316.89076   97  199 1302.00000 1449.40249  11.3%   873  599s
 23413 17052 1431.99194   51  306 1302.00000 1448.40922  11.2%   868  612s
 24376 17606 1422.48899   40  332 1302.00000 1447.85127  11.2%   864  625s
 25137 18136 1362.67326   51  248 1302.00000 1447.16297  11.1%   866  639s
 25942 18842 1412.65720   47  295 1302.00000 1446.65896  11.1%   867  652s
 26830 19555 1338.41695   93  250 1302.00000 1446.08984  11.1%   866  666s
 27857 20128 1403.97590   34  290 1302.00000 1445.59884  11.0%   863  679s
 28604 20866     cutoff   84      1302.00000 1445.05144  11.0%   863  692s
 29577 20867 1412.35378   47  313 1302.00000 1444.76660  11.0%   862  758s
 29579 20868 1336.03888   51  365 1302.00000 1444.76660  11.0%   862  803s
 29580 20869 1380.21175   39  217 1302.00000 1444.76660  11.0%   862  807s
 29584 20872 1320.69163   68  291 1302.00000 1444.76660  11.0%   862  813s
 29586 20873 1306.91030   74  252 1302.00000 1444.76660  11.0%   862  815s
 29592 20877 1385.06006   47  342 1302.00000 1444.76660  11.0%   862  823s
 29593 20878 1343.50542   56  359 1302.00000 1444.76660  11.0%   862  825s
 29599 20882 1363.12701   63  393 1302.00000 1444.76660  11.0%   861  834s
 29600 20882 1414.67668   41  391 1302.00000 1444.76660  11.0%   861  836s
 29604 20885 1400.65922   70  408 1302.00000 1444.76660  11.0%   861  841s
 29605 20886 1354.91695   61  402 1302.00000 1444.76660  11.0%   861  847s
 29611 20890 1355.47798   75  412 1302.00000 1444.76660  11.0%   861  853s
 29612 20890 1344.60536   62  422 1302.00000 1444.76660  11.0%   861  859s
 29613 20891 1321.55075   56  406 1302.00000 1444.76660  11.0%   861  860s
 29616 20893 1402.67078   64  411 1302.00000 1444.76660  11.0%   861  866s
 29617 20894 1373.89444   47  424 1302.00000 1444.76660  11.0%   861  873s
 29618 20894 1370.89850   64  435 1302.00000 1444.76660  11.0%   861  875s
 29621 20896 1384.48969   63  437 1302.00000 1444.76660  11.0%   861  881s
 29622 20897 1371.75895   82  459 1302.00000 1444.76660  11.0%   861  887s
 29625 20899 1365.60763   80  456 1302.00000 1444.76660  11.0%   861  895s
 29626 20900 1379.15840   47  451 1302.00000 1444.76660  11.0%   861  901s
 29628 20901 1403.06333   38  450 1302.00000 1444.76660  11.0%   860  909s
 29629 20902 1352.08319   39  447 1302.00000 1444.76660  11.0%   860  914s
 29630 20902 1321.68617   87  448 1302.00000 1444.76660  11.0%   860  916s
 29631 20903 1433.45275   46  452 1302.00000 1444.76660  11.0%   860  922s
 29632 20904 1411.50996   35  442 1302.00000 1444.76660  11.0%   860  927s
 29634 20905 1422.71186   38  449 1302.00000 1444.76660  11.0%   860  935s
 29635 20906 1390.01781   51  454 1302.00000 1444.76660  11.0%   860  941s
 29636 20906 1326.36397   62  455 1302.00000 1444.76660  11.0%   860  948s
 29637 20907 1411.33975   34  456 1302.00000 1444.76660  11.0%   860  953s
 29638 20908 1343.97449   52  456 1302.00000 1444.76660  11.0%   860  961s
 29639 20908 1342.52842   52  456 1302.00000 1444.76660  11.0%   860  966s
 29640 20909 1415.44914   43  456 1302.00000 1444.76660  11.0%   860  974s
 29641 20910 1325.84859   71  454 1302.00000 1444.76660  11.0%   860  980s
 29642 20910 1321.61785   61  457 1302.00000 1444.76660  11.0%   860  988s
 29643 20911 1309.19470   58  446 1302.00000 1444.76660  11.0%   860  993s
 29645 20912 1439.90254   29  453 1302.00000 1444.76660  11.0%   860  999s
 29646 20913 1430.81404   42  446 1302.00000 1444.76660  11.0%   860 1004s
 29647 20914 1376.38930   45  455 1302.00000 1444.76660  11.0%   860 1011s
 29648 20914 1314.35428   51  452 1302.00000 1444.76660  11.0%   860 1017s
 29649 20915 1338.06781   79  455 1302.00000 1444.76660  11.0%   860 1024s
 29650 20916 1333.29072   94  444 1302.00000 1444.76660  11.0%   860 1029s
 29651 20916 1393.37596   65  440 1302.00000 1444.76660  11.0%   860 1035s
 29652 20917 1352.44668   48  445 1302.00000 1444.76660  11.0%   860 1040s
 29653 20918 1413.16447   45  445 1302.00000 1444.76660  11.0%   860 1046s
 29654 20918 1364.79443   67  450 1302.00000 1444.76660  11.0%   860 1051s
 29655 20919 1426.15021   41  450 1302.00000 1444.76660  11.0%   860 1058s
 29656 20920 1371.76407   68  450 1302.00000 1444.76660  11.0%   860 1063s
 29657 20920 1305.34488   80  445 1302.00000 1444.76660  11.0%   860 1070s
 29658 20921 1362.44993   40  445 1302.00000 1444.76660  11.0%   860 1076s
 29659 20922 1332.29591   56  445 1302.00000 1444.76660  11.0%   860 1087s
 29660 20925 1444.76660   34  457 1302.00000 1444.76660  11.0%   863 1091s
 29674 20941 1444.76660   37  405 1302.00000 1444.76660  11.0%   864 1096s
 29718 20970 1444.76660   41  342 1302.00000 1444.76660  11.0%   866 1101s
 29742 20986 1444.76660   42  311 1302.00000 1444.76660  11.0%   867 1105s
 29774 21007 1444.76660   44  307 1302.00000 1444.76660  11.0%   869 1110s
 29807 21032 1444.76660   46  287 1302.00000 1444.76660  11.0%   870 1115s
 29898 21111 1434.88367   49  241 1302.00000 1444.76660  11.0%   872 1120s
 30060 21192 1424.23284   51  218 1302.00000 1444.76660  11.0%   872 1126s
 30134 21217 1411.84501   53  187 1302.00000 1444.76660  11.0%   872 1132s
 30214 21241 1411.80200   54  247 1302.00000 1444.76660  11.0%   872 1135s
 30335 21270 1378.27380   61  145 1302.00000 1444.76660  11.0%   872 1141s
 30434 21343 1324.96349   78   92 1302.00000 1444.76660  11.0%   873 1146s
 30501 21355 1425.42642   41  318 1302.00000 1444.76660  11.0%   875 1150s
 30564 21441 1363.01324   69  149 1302.00000 1444.76660  11.0%   875 1155s
 30778 21580 1444.76660   49  289 1302.00000 1444.76660  11.0%   874 1161s
 30978 21715 1444.76660   64  289 1302.00000 1444.76660  11.0%   873 1166s
 31241 21827 1432.23654   84  222 1302.00000 1444.76660  11.0%   871 1172s
 31380 21908 1388.85361  103  151 1302.00000 1444.76660  11.0%   871 1175s
 31638 21992 1443.73659   39  331 1302.00000 1444.76660  11.0%   869 1180s
 31849 22101 1322.00798   50  223 1302.00000 1444.76660  11.0%   871 1185s
 32142 22353 1381.22754   49  212 1302.00000 1444.76660  11.0%   871 1191s
 32398 22324 1442.89772   40  312 1302.00000 1444.76660  11.0%   869 1195s
 32566 22553 1397.75710   59  128 1302.00000 1444.76660  11.0%   872 1201s
 32792 22632 1312.15559   98   53 1302.00000 1444.76660  11.0%   871 1205s
 33160 22838 1388.17252   68  172 1302.00000 1444.76660  11.0%   871 1212s
 33418 22957 1433.63531   41  299 1302.00000 1444.76660  11.0%   870 1215s
 33920 23084 1430.45133   48  234 1302.00000 1444.76660  11.0%   867 1223s
 34053 23146 1430.82671   52  254 1302.00000 1444.76660  11.0%   869 1228s
 34247 23258 1345.59643   58  248 1302.00000 1444.76660  11.0%   870 1232s
 34476 23388 1440.95429   45  336 1302.00000 1444.76660  11.0%   871 1237s
 34790 23373 1386.32258   65  230 1302.00000 1444.76660  11.0%   869 1241s
 34896 23607 1321.34082   83  154 1302.00000 1444.76660  11.0%   872 1247s
 35227 23715 1356.11496   52  166 1302.00000 1444.76660  11.0%   871 1252s
 35542 23812 1417.39330   49  284 1302.00000 1444.76660  11.0%   871 1257s
 35792 24057 1404.99263   50  238 1302.00000 1444.76660  11.0%   872 1263s
 36208 24210     cutoff   64      1302.00000 1444.76660  11.0%   870 1269s
 36573 24355 1396.02044   66  221 1302.00000 1444.76660  11.0%   869 1274s
 36894 24531 1376.62685   45  223 1302.00000 1444.76660  11.0%   869 1280s
 37240 24658 1380.98210   48  200 1302.00000 1444.76660  11.0%   869 1286s
 37522 24826 1342.14064   47  182 1302.00000 1444.76660  11.0%   870 1293s
 37911 25006 1422.79184   58  303 1302.00000 1444.76660  11.0%   870 1299s
 38341 25232 1409.68216   45  273 1302.00000 1444.76660  11.0%   869 1306s
 38813 25342 1429.13017   44  264 1302.00000 1444.76660  11.0%   868 1312s
 39157 25535 1410.06572   46  301 1302.00000 1444.76660  11.0%   869 1319s
 39577 25752 1376.70912   59  207 1302.00000 1444.76660  11.0%   869 1326s
 40024 25927 1430.23353   65  264 1302.00000 1444.76660  11.0%   869 1334s
 40448 26361 1414.00576   50  251 1302.00000 1444.76660  11.0%   870 1343s
 41182 26504 1438.52673   50  345 1302.00000 1444.76660  11.0%   867 1351s
 41676 26759 1438.76136   69  298 1302.00000 1444.76660  11.0%   867 1360s
 42233 26991 1422.37669   54  294 1302.00000 1444.76660  11.0%   867 1368s
 42806 27261 1406.56135   45  197 1302.00000 1444.76660  11.0%   867 1377s
 43405 27460     cutoff   68      1302.00000 1444.76660  11.0%   866 1387s
 43916 27617 1390.84952   49  267 1302.00000 1444.76660  11.0%   867 1397s
 44328 27917 1429.96226   57  352 1302.00000 1444.76660  11.0%   868 1408s
 44986 28129 1355.92608   58  187 1302.00000 1444.76660  11.0%   870 1418s
 45593 28481     cutoff   81      1302.00000 1444.76660  11.0%   871 1429s
 46429 28691 1436.27045   60  290 1302.00000 1444.76660  11.0%   871 1439s
 47156 28953 1327.11622   78  222 1302.00000 1444.76660  11.0%   870 1450s
 47794 29304 1413.79405   64  232 1302.00000 1444.76660  11.0%   871 1462s
 48547 29625 1415.03200   52  282 1302.00000 1444.76660  11.0%   870 1474s
 49323 30105 1409.27802   46  294 1302.00000 1444.76660  11.0%   870 1486s
 50244 30322 1305.01361   90  240 1302.00000 1444.76660  11.0%   868 1498s
 50958 30789 1396.35739   61  166 1302.00000 1444.76660  11.0%   869 1510s
 51854 31033 1363.98772   75  171 1302.00000 1444.76660  11.0%   869 1523s
 52620 31373 1418.97957   61  334 1302.00000 1444.76660  11.0%   870 1536s
 53414 31674 1408.72384   55  263 1302.00000 1444.76660  11.0%   870 1548s
 54202 31966 1390.20204   59  270 1302.00000 1444.76660  11.0%   871 1561s
 54997 31804 1405.55198   56  300 1302.00000 1444.76660  11.0%   872 1574s
 55144 31872 1404.82832   57  288 1302.00000 1444.76660  11.0%   872 1587s
 55340 32152 1402.65403   58  225 1302.00000 1444.76660  11.0%   873 1599s
 55838 32460 1328.61569   67  210 1302.00000 1444.76660  11.0%   873 1612s
 56483 32794 1367.18181   55  180 1302.00000 1444.76660  11.0%   874 1625s
 57172 33306 1373.58321   78  177 1302.00000 1444.76660  11.0%   876 1639s
 58118 33598 1434.00502   65  272 1302.00000 1444.76660  11.0%   873 1653s
 58960 34168 1397.12895   61  261 1302.00000 1444.76660  11.0%   873 1668s
 60082 34154 1400.55772   61  240 1302.00000 1444.76660  11.0%   871 1679s
 60561 34542 1373.01352   70  227 1302.00000 1444.76660  11.0%   872 1692s
 61283 34961 1342.68593   61  155 1302.00000 1444.76660  11.0%   874 1705s
 62164 35326 1389.82440   80  192 1302.00000 1444.76660  11.0%   874 1718s
 62982 35630 1337.28592   67  249 1302.00000 1444.76660  11.0%   875 1731s
 63827 35861 1430.25391   49  329 1302.00000 1444.56855  10.9%   875 1744s
 64528 36235 1428.65044   62  295 1302.00000 1444.42321  10.9%   876 1758s
 65378 36341 1426.12578   52  338 1302.00000 1443.90524  10.9%   876 1770s
 66111 36654 1374.00633   63  204 1302.00000 1443.64611  10.9%   878 1783s
 66854 37155 1363.50140   65  261 1302.00000 1443.13670  10.8%   878 1797s
 67906 37415 1406.85150   45  229 1302.00000 1442.66766  10.8%   877 1810s
 68762 37702 1400.42961   60  218 1302.00000 1442.36416  10.8%   878 1823s
 69498 38043 1407.24208   67  264 1302.00000 1442.15354  10.8%   878 1836s
 70270 38297 1375.52750   74  228 1302.00000 1441.82836  10.7%   879 1849s
 71049 38646 1343.55613   62  243 1302.00000 1441.48361  10.7%   880 1861s
 71814 38939     cutoff   72      1302.00000 1441.03891  10.7%   880 1875s
 72532 39409 1408.09574   54  314 1302.00000 1440.74781  10.7%   881 1888s
 73443 39703 1373.73487   61  250 1302.00000 1440.65427  10.6%   881 1901s
 74270 40077 1327.05598   66  228 1302.00000 1440.41944  10.6%   882 1914s
 75181 40268 1389.36087   44  302 1302.00000 1440.11232  10.6%   882 1927s
 75906 40776 1349.45477   63  239 1302.00000 1439.84048  10.6%   883 1941s
 76952 40970 1401.22033   61  309 1302.00000 1439.59548  10.6%   882 1953s
 77649 41395 1341.63291   74  246 1302.00000 1439.40574  10.6%   883 1966s
 78558 41520 1340.65408   76  219 1302.00000 1439.11411  10.5%   883 1980s
 79138 41892 1398.35679   88  207 1302.00000 1438.91517  10.5%   882 1994s
 79867 42234 1416.06028   50  282 1302.00000 1438.78500  10.5%   883 2007s
 80694 42343 1313.90905   84  219 1302.00000 1438.55331  10.5%   884 2021s
 81423 42799 1389.36489   61  210 1302.00000 1438.17016  10.5%   885 2035s
 82434 42927 1402.75487   57  263 1302.00000 1438.00921  10.4%   884 2047s
 83084 43317 1395.62845   77  260 1302.00000 1437.82179  10.4%   886 2061s
 83839 43628 1363.46614   61  197 1302.00000 1437.61376  10.4%   887 2075s
 84619 43938 1333.25497   79  228 1302.00000 1437.41343  10.4%   888 2088s
 85435 44348 1305.16697  110  212 1302.00000 1437.10570  10.4%   889 2102s
 86409 44648 1364.11662   60  250 1302.00000 1436.94842  10.4%   889 2115s
 87244 44932 1335.21102   84  202 1302.00000 1436.70110  10.3%   889 2128s
 88006 45286 1387.47379   69  206 1302.00000 1436.60315  10.3%   889 2141s
 88912 45393 1402.65460   59  242 1302.00000 1436.24834  10.3%   890 2154s
 89498 45724 1358.54372   61  215 1302.00000 1436.18526  10.3%   890 2168s
 90358 45978 1388.98791   56  308 1302.00000 1435.89841  10.3%   891 2182s
 91161 46419 1373.94498   62  257 1302.00000 1435.70595  10.3%   892 2195s
 92125 46642 1390.35022   52  283 1302.00000 1435.48735  10.3%   891 2208s
 92870 47134 1385.30067   65  203 1302.00000 1435.39453  10.2%   892 2221s
 93645 47550 1420.50177   52  182 1302.00000 1435.13758  10.2%   892 2235s
 94384 48123     cutoff   68      1302.00000 1435.00013  10.2%   893 2248s
 95241 48645 1386.55214   59  271 1302.00000 1434.75601  10.2%   893 2261s
 96002 49262 1340.76471   66  276 1302.00000 1434.45245  10.2%   894 2275s
 96828 49806 1387.43651   48  278 1302.00000 1434.22078  10.2%   894 2288s
 97680 50475 1394.33879   64  283 1302.00000 1434.00941  10.1%   895 2302s
 98702 51108 1330.19647   82   79 1302.00000 1433.78738  10.1%   894 2315s
 99660 51635 1420.69526   59  282 1302.00000 1433.49584  10.1%   893 2328s
 100373 52143 1401.24530   51  268 1302.00000 1433.33031  10.1%   894 2342s
 101160 52780 1400.00676   68  231 1302.00000 1433.01264  10.1%   894 2355s
 102006 53290 1308.91174  109  150 1302.00000 1432.83187  10.0%   894 2368s
 102773 53753 1405.98295   58  258 1302.00000 1432.66286  10.0%   895 2381s
 103508 54313 1402.82560   68  257 1302.00000 1432.47247  10.0%   896 2396s
 104442 54890 1369.99094   49  307 1302.00000 1432.32532  10.0%   896 2409s
 105257 55461 1382.16193   60  204 1302.00000 1432.15830  10.0%   897 2423s
 106159 56053 1414.03737   66  254 1302.00000 1431.92648  10.0%   897 2437s
 106984 56687 1398.88393   67  265 1302.00000 1431.75653  10.0%   897 2450s
 107821 57143 1380.15404   48  287 1302.00000 1431.54528  9.95%   897 2463s
 108503 57714 1320.40503   64  137 1302.00000 1431.33774  9.93%   898 2477s
 109340 58419 1396.87140   64  167 1302.00000 1431.15880  9.92%   898 2490s
 110388 59008 1344.30544   59  241 1302.00000 1430.97301  9.91%   897 2503s
 111241 59563 1388.77546   53  255 1302.00000 1430.87127  9.90%   897 2517s
 112087 59657 1392.96598   54  247 1302.00000 1430.64099  9.88%   898 2530s
 112239 60152 1406.62176   50  267 1302.00000 1430.64099  9.88%   898 2543s
 112963 60626 1323.18364   75  206 1302.00000 1430.40089  9.86%   898 2556s
 113664 61148 1395.78329   45  230 1302.00000 1430.22707  9.85%   899 2570s
 114436 61814 1407.61461   58  292 1302.00000 1430.06547  9.84%   899 2583s
 115307 62493 1396.05686   59  277 1302.00000 1429.99989  9.83%   900 2596s
 116282 62947 1376.12256   53  224 1302.00000 1429.83425  9.82%   899 2611s
 116924 63606 1376.76823   75  226 1302.00000 1429.70773  9.81%   900 2624s
 117875 64037 1341.41516   54  240 1302.00000 1429.59137  9.80%   899 2638s
 118601 64644 1398.39091   60  288 1302.00000 1429.45154  9.79%   900 2654s
 119457 65186 1388.57725   68  275 1302.00000 1429.26716  9.77%   901 2668s
 120403 65832 1397.55583   60  219 1302.00000 1429.14490  9.77%   901 2682s
 121308 66440 1324.62309  104  154 1302.00000 1429.02157  9.76%   901 2695s
 122241 66873 1378.19320   62  290 1302.00000 1428.80590  9.74%   900 2708s
 122898 67411 1390.47515   61  238 1302.00000 1428.66323  9.73%   901 2722s
 123796 68148 1363.38093   58  277 1302.00000 1428.54660  9.72%   901 2736s
 124776 68730 1304.77596   69   79 1302.00000 1428.38758  9.71%   901 2749s
 125554 69332 1342.52491   76  143 1302.00000 1428.26754  9.70%   901 2762s
 126397 69982 1404.84067   58  277 1302.00000 1428.15605  9.69%   901 2775s
 127361 70529 1306.45284  111  192 1302.00000 1428.00629  9.68%   900 2788s
 128136 70985 1369.04401   65  228 1302.00000 1427.88377  9.67%   900 2801s
 128835 71596 1388.42237   71  273 1302.00000 1427.71702  9.66%   901 2814s
 129703 72127 1388.32399   78  201 1302.00000 1427.57968  9.65%   900 2827s
 130518 72613 1341.39569   58  219 1302.00000 1427.43397  9.63%   900 2840s
 131226 73041 1401.09335   59  216 1302.00000 1427.33828  9.63%   901 2853s
 132109 73526 1406.92170   52  267 1302.00000 1427.17900  9.61%   901 2866s
 132968 74079 1399.60535   57  230 1302.00000 1427.07020  9.61%   901 2880s
 133905 74592 1388.75355   53  246 1302.00000 1426.92923  9.60%   900 2893s
 134731 75149 1388.39748   63  288 1302.00000 1426.77813  9.58%   900 2905s
 135593 75769 1386.05288   45  266 1302.00000 1426.72534  9.58%   900 2917s
 136563 76262 1369.12506   60  251 1302.00000 1426.65916  9.57%   899 2928s
 137255 76697 1334.71816   63  170 1302.00000 1426.61678  9.57%   899 2940s
 137905 77290 1402.18606   53  326 1302.00000 1426.43890  9.56%   899 2952s
 138732 77811 1363.23983   57  205 1302.00000 1426.36398  9.55%   899 2964s
 139560 78335 1372.88597   54  227 1302.00000 1426.24484  9.54%   899 2976s
 140250 78882 1387.12792   49  272 1302.00000 1426.20366  9.54%   899 2989s
 141063 79375 1308.10427   87  168 1302.00000 1426.12817  9.53%   898 3001s
 141794 79493 1371.93943   71  246 1302.00000 1426.02821  9.53%   898 3014s
 141986 79822 1403.55526   70  315 1302.00000 1426.02821  9.53%   898 3026s
 142512 80330 1412.89228   74  282 1302.00000 1426.01213  9.52%   898 3039s
 143223 80706 1364.86078   95  201 1302.00000 1425.87716  9.51%   898 3052s
 143895 81202 1376.28166   60  295 1302.00000 1425.85610  9.51%   899 3066s
 144642 81799 1393.03464   51  232 1302.00000 1425.68251  9.50%   899 3079s
 145473 82452 1352.74871   69  229 1302.00000 1425.52607  9.49%   899 3092s
 146384 82989 1364.65688   53  257 1302.00000 1425.43272  9.48%   898 3105s
 147160 83594 1383.35037   56  268 1302.00000 1425.33724  9.47%   898 3118s
 147950 84152 1376.67542   71  287 1302.00000 1425.26526  9.47%   899 3131s
 148683 84637 1352.31252   77  240 1302.00000 1425.14432  9.46%   899 3146s
 149651 85207 1400.31477   50  278 1302.00000 1425.04182  9.45%   899 3159s
 150440 85819     cutoff   69      1302.00000 1424.93458  9.44%   900 3173s
 151313 86424 1373.64125   69  256 1302.00000 1424.78748  9.43%   899 3186s
 152136 86953 1403.04776   59  287 1302.00000 1424.68719  9.42%   900 3199s
 152874 87381 1316.46890   77  102 1302.00000 1424.57833  9.41%   900 3213s
 153622 87911 1335.94850   60  282 1302.00000 1424.47159  9.41%   901 3227s
 154507 88296     cutoff   78      1302.00000 1424.39805  9.40%   901 3241s
 155218 88788 1388.90506   50  240 1302.00000 1424.31174  9.39%   902 3255s
 155998 89252 1387.13723   56  234 1302.00000 1424.21176  9.39%   902 3269s
 156706 89717 1323.44087   66  256 1302.00000 1424.14967  9.38%   903 3283s
 157464 90326 1396.71279   65  305 1302.00000 1424.03100  9.37%   903 3297s
 158339 90793 1377.31163   56  232 1302.00000 1423.95985  9.37%   903 3311s
 159105 91335 1376.42639   53  230 1302.00000 1423.87755  9.36%   904 3325s
 159953 91829 1382.98897   54  252 1302.00000 1423.80231  9.36%   904 3339s
 160757 92571 1391.21087   60  295 1302.00000 1423.65428  9.34%   905 3353s
 161789 93252 1406.05170   60  246 1302.00000 1423.56705  9.34%   904 3367s
 162822 93724 1395.44888   57  293 1302.00000 1423.48215  9.33%   904 3380s
 163649 94243 1338.84996   79  193 1302.00000 1423.33716  9.32%   904 3394s
 164449 94668     cutoff   66      1302.00000 1423.24606  9.31%   904 3407s
 165170 95199 1409.42454   43  304 1302.00000 1423.11454  9.30%   904 3421s
 166024 95776 1384.07649   44  275 1302.00000 1423.01093  9.29%   904 3435s
 166905 96298 1405.34729   59  304 1302.00000 1422.93534  9.29%   904 3448s
 167825 96831 1395.18268   71  229 1302.00000 1422.85870  9.28%   905 3461s
 168626 97362 1400.99156   59  258 1302.00000 1422.76471  9.28%   905 3474s
 169465 97833 1380.95242   58  276 1302.00000 1422.67236  9.27%   905 3487s
 170125 98253     cutoff   63      1302.00000 1422.57306  9.26%   905 3501s
 170787 98821 1396.23203   48  282 1302.00000 1422.51187  9.26%   905 3515s
 171605 99322 1402.57100   49  290 1302.00000 1422.39400  9.25%   905 3529s
 172400 99797 1399.07877   68  285 1302.00000 1422.30847  9.24%   906 3543s
 173108 100364 1363.06535   65  224 1302.00000 1422.25472  9.24%   906 3556s
 173897 100862 1326.95036   74  175 1302.00000 1422.18804  9.23%   907 3570s
 174693 101469 1401.34477   62  283 1302.00000 1422.06517  9.22%   907 3584s
 175596 102027 1393.43402   57  278 1302.00000 1421.97978  9.22%   908 3598s
 176419 102115 1337.68887   68  253 1302.00000 1421.88569  9.21%   908 3600s

Cutting planes:
  Gomory: 14
  Lift-and-project: 1037
  Cover: 62
  Implied bound: 4
  MIR: 521
  Knapsack: 4
  StrongCG: 98
  Flow cover: 431
  RLT: 534
  Relax-and-lift: 6
  BQP: 5

Explored 176543 nodes (160278837 simplex iterations) in 3600.00 seconds (12630.14 work units)
Thread count was 16 (of 16 available processors)

Solution count 10: 1302 1299 1277 ... 1215

Time limit reached
Best objective 1.302000000000e+03, best bound 1.421000000000e+03, gap 9.1398%
