
Gurobi 13.0.3 (linux64) logging started Sun Sep 13 17:46:04 2026

Set parameter LogFile to value "Logs/Gurobi/dags_075_s1.txt"
Gurobi Optimizer version 13.0.3 build v13.0.3rc0 (linux64 - "Ubuntu 24.04.4 LTS")

CPU model: AMD Ryzen 7 7700 8-Core Processor, instruction set [SSE2|AVX|AVX2|AVX512]
Thread count: 8 physical cores, 16 logical processors, using up to 16 threads

Non-default parameters:
TimeLimit  3600
LogToConsole  0

Academic license 2863599 - for non-commercial use only - registered to be___@usm.cl
Optimize a model with 32059 rows, 17540 columns and 68540 nonzeros (Max)
Model fingerprint: 0x2b701acb
Model has 15992 linear objective coefficients
Variable types: 15992 continuous, 1548 integer (1548 binary)
Coefficient statistics:
  Matrix range     [1e+00, 5e+01]
  Objective range  [1e+00, 4e+01]
  Bounds range     [1e+00, 1e+00]
  RHS range        [1e+00, 1e+00]

Warning: Completing partial solution with 1473 unfixed non-continuous variables out of 1548
User MIP start produced solution with objective 1250 (0.02s)
Loaded user MIP start with objective 1250

Presolve removed 223 rows and 113 columns
Presolve time: 0.11s
Presolved: 31836 rows, 17427 columns, 68020 nonzeros
Variable types: 15882 continuous, 1545 integer (1545 binary)

Root relaxation: objective 5.497432e+03, 36962 iterations, 4.73 seconds (11.15 work units)

    Nodes    |    Current Node    |     Objective Bounds      |     Work
 Expl Unexpl |  Obj  Depth IntInf | Incumbent    BestBd   Gap | It/Node Time

     0     0 5497.43181    0 1007 1250.00000 5497.43181   340%     -    5s
H    0     0                    1253.0000000 4769.28365   281%     -   25s
     0     0 4769.28365    0  649 1253.00000 4769.28365   281%     -   28s
H    0     0                    1258.0000000 4769.27952   279%     -   29s
H    0     0                    1260.0000000 3794.32196   201%     -   40s
H    0     0                    1272.0000000 3794.32196   198%     -   40s
     0     0 3794.32196    0  482 1272.00000 3794.32196   198%     -   41s
     0     0 3565.72714    0  497 1272.00000 3565.72714   180%     -   47s
H    0     0                    1280.0000000 3492.48923   173%     -   50s
H    0     0                    1282.0000000 3492.48923   172%     -   50s
     0     0 3486.75235    0  467 1282.00000 3486.75235   172%     -   50s
     0     0 3483.11452    0  501 1282.00000 3483.11452   172%     -   51s
     0     0 3473.26210    0  448 1282.00000 3473.26210   171%     -   51s
     0     0 3473.26210    0  474 1282.00000 3473.26210   171%     -   52s
     0     0 3473.26003    0  442 1282.00000 3473.26003   171%     -   52s
     0     0 1690.93328    0  449 1282.00000 1690.93328  31.9%     -   61s
H    0     0                    1284.0000000 1690.73224  31.7%     -   61s
     0     0 1673.20053    0  416 1284.00000 1673.20053  30.3%     -   63s
     0     0 1673.14645    0  420 1284.00000 1673.14645  30.3%     -   63s
H    0     0                    1289.0000000 1600.01314  24.1%     -   70s
H    0     0                    1290.0000000 1600.01314  24.0%     -   70s
H    0     0                    1292.0000000 1600.01314  23.8%     -   70s
     0     0 1594.03398    0  519 1292.00000 1594.03398  23.4%     -   70s
H    0     0                    1296.0000000 1594.03398  23.0%     -   72s
     0     0 1581.79887    0  546 1296.00000 1581.79887  22.1%     -   78s
     0     0 1576.16195    0  564 1296.00000 1576.16195  21.6%     -   79s
     0     0 1576.11761    0  515 1296.00000 1576.11761  21.6%     -   79s
     0     0 1553.51537    0  591 1296.00000 1553.51537  19.9%     -   85s
     0     0 1540.93165    0  576 1296.00000 1540.93165  18.9%     -   88s
     0     0 1540.03464    0  598 1296.00000 1540.03464  18.8%     -   89s
     0     0 1529.61097    0  531 1296.00000 1529.61097  18.0%     -   92s
     0     0 1528.62544    0  552 1296.00000 1528.62544  17.9%     -   93s
     0     0 1527.35709    0  569 1296.00000 1527.35709  17.9%     -   95s
     0     0 1527.34798    0  569 1296.00000 1527.34798  17.9%     -   96s
     0     0 1527.34798    0  568 1296.00000 1527.34798  17.9%     -   96s
     0     2 1527.34798    0  568 1296.00000 1527.34798  17.9%     -  105s
     7    16 1523.31328    3  619 1296.00000 1524.34145  17.6%  3578  112s
    15    24 1522.95932    4  625 1296.00000 1523.31121  17.5%  3092  115s
    34    46 1515.17329    6  494 1296.00000 1523.31121  17.5%  2500  122s
    45    57 1522.19833    6  632 1296.00000 1523.31121  17.5%  2538  125s
    56    72 1522.06343    7  632 1296.00000 1523.31121  17.5%  2348  130s
    83    93 1521.21025    9  623 1296.00000 1523.31121  17.5%  2132  137s
    92   107 1519.54942   10  584 1296.00000 1523.31121  17.5%  2096  140s
   106   124 1519.27105   11  572 1296.00000 1523.31121  17.5%  2055  145s
   133   144 1518.56421   13  609 1296.00000 1523.31121  17.5%  1905  151s
   155   169 1517.38967   15  616 1296.00000 1523.31121  17.5%  1873  162s
   168   184 1517.29531   16  635 1296.00000 1523.31121  17.5%  1845  166s
H  183   193                    1299.0000000 1523.31121  17.3%  1818  169s
   192   213 1515.81778   18  603 1299.00000 1523.31121  17.3%  1864  172s
   212   237 1515.34221   20  580 1299.00000 1523.31121  17.3%  1796  176s
H  243   255                    1301.0000000 1523.31121  17.1%  1716  178s
   254   284 1512.22664   28  539 1301.00000 1523.31121  17.1%  1747  181s
   283   312 1505.51888   32  521 1301.00000 1523.31121  17.1%  1677  185s
   349   376 1502.43885   39  530 1301.00000 1523.31121  17.1%  1538  191s
   375   392 1501.91840   40  564 1301.00000 1523.31121  17.1%  1504  196s
   391   425 1495.54264   41  483 1301.00000 1523.31121  17.1%  1483  200s
   462   502 1496.77075   44  580 1301.00000 1523.31121  17.1%  1442  208s
   501   543 1494.27824   46  473 1301.00000 1523.31121  17.1%  1422  212s
   542   589 1485.19503   49  521 1301.00000 1523.31121  17.1%  1406  216s
   656   716 1481.86895   52  529 1301.00000 1523.31121  17.1%  1310  223s
   715   773 1481.24813   55  515 1301.00000 1523.31121  17.1%  1260  226s
   772   849 1471.28105   58  493 1301.00000 1523.31121  17.1%  1239  230s
   956  1074 1466.20736   72  484 1301.00000 1523.31121  17.1%  1124  237s
  1073  1203 1461.82341   79  503 1301.00000 1523.31121  17.1%  1061  241s
  1335  1458 1458.63411   91  422 1301.00000 1523.31121  17.1%   948  247s
  1469  1576 1456.45072  107  361 1301.00000 1523.31121  17.1%   902  252s
  1591  1732 1450.63648  121  277 1301.00000 1522.95600  17.1%   873  255s
  1946  2049 1435.59053  151  179 1301.00000 1522.95600  17.1%   783  263s
  2085  2118 1396.87603  174  216 1301.00000 1522.11518  17.0%   764  266s
  2154  2175 1396.06828  174  191 1301.00000 1522.11518  17.0%   763  270s
  2211  2392 1395.19217  175  185 1301.00000 1522.11518  17.0%   756  276s
  2444  2614 1382.50408  189  167 1301.00000 1522.11518  17.0%   719  282s
  2682  2698 1331.84410  230  121 1301.00000 1522.11518  17.0%   691  289s
  2800  2737 1496.37712   11  695 1301.00000 1522.11518  17.0%   686  296s
  2840  2738 1424.01483  121  568 1301.00000 1522.11518  17.0%   698  329s
H 2841  2602                    1302.0000000 1522.11518  16.9%   697  437s
  2843  2603 1417.82794  127  626 1302.00000 1522.11518  16.9%   697  455s
  2844  2604 1497.67337   12  410 1302.00000 1522.11518  16.9%   697  471s
  2845  2604 1382.24606  188  418 1302.00000 1521.42185  16.9%   696  476s
  2846  2605 1305.70397  207  412 1302.00000 1520.87155  16.8%   696  482s
  2847  2606 1493.47781   27  478 1302.00000 1520.83798  16.8%   696  487s
  2849  2607 1368.53032  179  606 1302.00000 1520.83798  16.8%   695  494s
  2850  2608 1304.96929  193  611 1302.00000 1520.83798  16.8%   695  497s
  2851  2608 1452.01764  115  653 1302.00000 1520.83798  16.8%   695  500s
  2855  2611 1478.72075   50  658 1302.00000 1520.83798  16.8%   694  505s
  2856  2612 1512.32420   16  709 1302.00000 1520.55322  16.8%   694  511s
  2858  2613 1493.84112   35  783 1302.00000 1519.33552  16.7%   693  516s
  2861  2615 1466.59843   39  791 1302.00000 1517.95382  16.6%   693  528s
  2862  2616 1323.20594  248  750 1302.00000 1517.63691  16.6%   692  530s
  2865  2618 1382.24216  170  846 1302.00000 1516.63972  16.5%   692  540s
  2868  2620 1407.67196  130  832 1302.00000 1516.43788  16.5%   691  545s
  2869  2620 1389.06736  187  835 1302.00000 1515.45892  16.4%   691  557s
  2871  2622 1483.24624   48  920 1302.00000 1515.29077  16.4%   690  562s
  2872  2622 1368.02390  182  887 1302.00000 1514.83485  16.3%   690  569s
  2873  2623 1453.43520   73  922 1302.00000 1514.71150  16.3%   690  571s
  2875  2624 1424.32306  100  872 1302.00000 1514.32064  16.3%   689  582s
  2877  2626 1377.29591  220  910 1302.00000 1514.17792  16.3%   689  585s
  2879  2627 1339.75613  268  909 1302.00000 1513.66499  16.3%   688  596s
  2882  2629 1467.17656   35  993 1302.00000 1513.49287  16.2%   687  601s
  2883  2630 1467.00674   58  955 1302.00000 1512.79833  16.2%   687  608s
  2884  2630 1430.90894  104  963 1302.00000 1512.69217  16.2%   687  610s
  2887  2632 1458.82573   89  938 1302.00000 1512.28446  16.2%   686  621s
  2889  2634 1405.54082  131  966 1302.00000 1512.18983  16.1%   686  626s
  2890  2634 1433.56199   96  945 1302.00000 1511.86323  16.1%   686  635s
  2893  2636 1390.81685  189  989 1302.00000 1511.74958  16.1%   685  641s
  2894  2637 1445.52863   92  996 1302.00000 1511.34467  16.1%   685  656s
  2896  2638 1321.56838  248  997 1302.00000 1511.24827  16.1%   684  662s
  2897  2639 1510.91900   26  935 1302.00000 1510.91900  16.0%   684  669s
  2898  2640 1360.54429  185  969 1302.00000 1510.86654  16.0%   684  671s
  2900  2641 1323.93453  250  949 1302.00000 1510.46277  16.0%   683  679s
  2901  2642 1472.54192   57  953 1302.00000 1510.38843  16.0%   683  681s
  2903  2643 1435.65492   87  948 1302.00000 1510.03410  16.0%   682  694s
  2904  2644 1429.28665  100  955 1302.00000 1509.95097  16.0%   682  695s
  2906  2645 1361.30223  222  988 1302.00000 1509.90155  16.0%   682  701s
  2907  2646 1435.93999   83 1026 1302.00000 1509.89657  16.0%   682  705s
  2910  2648 1418.45422  115  994 1302.00000 1509.82857  16.0%   681  710s
  2915  2651 1468.79723   48 1025 1302.00000 1509.81369  16.0%   680  719s
  2916  2652 1435.70343   86 1025 1302.00000 1509.81369  16.0%   679  813s
  2917  2655 1507.28148   16  885 1302.00000 1509.81368  16.0%   791  825s
  2919  2656 1505.88587   17  893 1302.00000 1508.97178  15.9%   792  832s
  2920  2659 1504.68528   18  818 1302.00000 1508.97178  15.9%   794  848s
  2924  2666 1501.11255   19  921 1302.00000 1506.93890  15.7%   801  874s
  2932  2671 1496.81383   20  862 1302.00000 1506.43100  15.7%   837  888s
  2940  2685 1495.65933   21  864 1302.00000 1506.43095  15.7%   854  903s
  2956  2703 1491.10758   22  780 1302.00000 1506.43095  15.7%   878  922s
  2980  2712 1493.42139   23  822 1302.00000 1506.43095  15.7%   900  935s
  2997  2728 1493.28597   24  821 1302.00000 1506.43095  15.7%   923  950s
  3018  2736 1491.94465   25  769 1302.00000 1506.43095  15.7%   940  965s
  3033  2746 1490.24630   26  764 1302.00000 1506.43095  15.7%   957  979s
  3048  2755 1487.74502   27  641 1302.00000 1506.43095  15.7%   974  991s
  3062  2765 1484.58873   28  675 1302.00000 1506.43095  15.7%   995  999s
  3077  2775 1484.40444   29  670 1302.00000 1506.43095  15.7%  1016 1009s
  3092  2778 1480.04515   30  554 1302.00000 1506.43095  15.7%  1034 1016s
  3100  2789 1476.54815   31  592 1302.00000 1506.43095  15.7%  1043 1023s
  3114  2803 1471.71001   32  558 1302.00000 1506.43095  15.7%  1063 1034s
  3132  2809 1471.39270   33  578 1302.00000 1506.43095  15.7%  1072 1046s
  3144  2831 1471.27379   34  566 1302.00000 1506.43095  15.7%  1086 1056s
  3170  2848 1469.44679   37  531 1302.00000 1506.43095  15.7%  1097 1066s
  3196  2861 1468.94034   39  508 1302.00000 1506.43095  15.7%  1112 1081s
  3218  2889 1468.92269   40  506 1302.00000 1506.43095  15.7%  1133 1090s
  3253  2887 1468.64022   42  532 1302.00000 1506.43095  15.7%  1145 1097s
  3263  2896 1456.09593   42  474 1302.00000 1506.43095  15.7%  1152 1103s
H 3275  2766                    1307.0000000 1506.43095  15.3%  1153 1112s
  3283  2803 1460.50181   43  504 1307.00000 1506.43095  15.3%  1158 1122s
  3323  2845 1460.96570   45  432 1307.00000 1506.43095  15.3%  1173 1133s
  3378  2880 1466.46324   48  472 1307.00000 1506.43095  15.3%  1182 1142s
  3431  2929 1461.51309   50  475 1307.00000 1506.43095  15.3%  1193 1153s
  3498  2984 1463.07763   54  409 1307.00000 1506.43095  15.3%  1195 1162s
  3575  3037 1461.07357   58  433 1307.00000 1506.43095  15.3%  1198 1171s
  3654  3101 1457.13018   61  454 1307.00000 1506.43095  15.3%  1200 1182s
  3744  3152 1459.54801   66  380 1307.00000 1506.43095  15.3%  1202 1191s
  3825  3224 1451.78641   70  382 1307.00000 1506.43095  15.3%  1207 1199s
  3924  3286 1449.08509   75  357 1307.00000 1506.43095  15.3%  1207 1207s
  4019  3350 1447.18250   80  390 1307.00000 1506.43095  15.3%  1204 1218s
  4115  3431 1431.89739   85  387 1307.00000 1506.43095  15.3%  1206 1227s
H 4228  3274                    1309.0000030 1506.43095  15.1%  1204 1234s
H 4230  3153                    1314.0000000 1506.43095  14.6%  1204 1234s
H 4233  3037                    1321.0000000 1506.43095  14.0%  1204 1234s
  4236  3169 1421.03043   89  332 1321.00000 1506.43095  14.0%  1204 1244s
  4370  3268 1419.42817   95  323 1321.00000 1506.43095  14.0%  1197 1253s
H 4498  3116                    1322.0000000 1506.43095  14.0%  1185 1253s
  4514  3297 1409.42157  105  265 1322.00000 1506.43095  14.0%  1183 1261s
H 4541  3183                    1326.0000000 1506.43095  13.6%  1180 1261s
  4704  3337 1400.62368  119  188 1326.00000 1506.43095  13.6%  1165 1268s
  4938  3436 1366.79342  141  168 1326.00000 1506.43095  13.6%  1136 1284s
  5166  3499 1373.72144  167  122 1326.00000 1506.27145  13.6%  1112 1297s
  5372  3548 1328.19938  195   99 1326.00000 1506.27145  13.6%  1094 1313s
  5519  3588 1439.80986   59  386 1326.00000 1506.27145  13.6%  1089 1328s
H 5622  3610                    1327.0000000 1506.27145  13.5%  1087 1341s
  5776  3566 1400.35093  132  152 1327.00000 1506.27145  13.5%  1082 1350s
  5784  3748 1400.34570  133  164 1327.00000 1506.27145  13.5%  1083 1361s
  5968  3794 1330.96245  205  125 1327.00000 1506.27145  13.5%  1066 1384s
  6122  3911 1490.28338   21  883 1327.00000 1506.27145  13.5%  1061 1398s
  6300  3888 1489.24453   22  834 1327.00000 1506.27145  13.5%  1050 1419s
  6378  3902 1481.57950   24  778 1327.00000 1506.27145  13.5%  1054 1435s
  6418  3927 1476.50326   26  798 1327.00000 1506.27145  13.5%  1064 1451s
  6457  3970 1467.01354   26  803 1327.00000 1506.27145  13.5%  1077 1468s
  6513  4032 1476.21895   28  801 1327.00000 1506.27145  13.5%  1087 1484s
  6593  4095 1472.10600   32  828 1327.00000 1506.27145  13.5%  1095 1502s
  6683  4173 1471.65410   32  695 1327.00000 1506.27145  13.5%  1104 1522s
  6791  4147 1466.40417   34  805 1327.00000 1506.27145  13.5%  1109 1536s
  6801  4201 1465.91052   35  795 1327.00000 1506.27145  13.5%  1111 1550s
  6858  4326 1465.70224   36  806 1327.00000 1506.27145  13.5%  1112 1566s
  7002  4364 1465.21832   38  793 1327.00000 1506.27145  13.5%  1114 1589s
  7088  4457 1460.92841   39  756 1327.00000 1506.27145  13.5%  1118 1606s
  7210  4498 1457.17265   44  740 1327.00000 1506.27145  13.5%  1120 1626s
  7292  4657 1456.57439   45  786 1327.00000 1506.27145  13.5%  1128 1648s
  7495  4734 1448.22221   48  728 1327.00000 1506.27145  13.5%  1121 1673s
  7640  5006 1450.52311   50  706 1327.00000 1506.27145  13.5%  1122 1707s
  7996  5245 1445.92066   70  628 1327.00000 1506.27145  13.5%  1111 1734s
  8418  5290 1435.66289   91  428 1327.00000 1506.27145  13.5%  1090 1769s
  8666  5332 1424.78675   95  473 1327.00000 1506.27145  13.5%  1088 1787s
  8718  5519 1436.01285   95  548 1327.00000 1506.27145  13.5%  1088 1813s
  8905  5625 1434.23663   99  516 1327.00000 1506.27145  13.5%  1088 1845s
  9011  5782 1426.60702  113  500 1327.00000 1506.27145  13.5%  1098 1878s
  9186  5962 1414.93578  119  352 1327.00000 1506.27145  13.5%  1104 1911s
  9382  6205 1407.05955  128  410 1327.00000 1506.27145  13.5%  1106 1945s
  9649  6418 1397.57579  134  367 1327.00000 1506.27145  13.5%  1104 1976s
  9900  6652 1386.54994  143  358 1327.00000 1506.27145  13.5%  1105 2015s
 10169  6883 1366.52107  166  293 1327.00000 1506.27145  13.5%  1107 2067s
 10445  7030 1485.93215   18  802 1327.00000 1506.27145  13.5%  1112 2109s
 10600  7270 1465.50153   24  631 1327.00000 1506.27145  13.5%  1128 2150s
 10879  7695 1417.91250   38  464 1327.00000 1506.27145  13.5%  1137 2193s
 11397  7818 1484.83650   25  908 1327.00000 1506.27145  13.5%  1123 2232s
 11531  7984 1473.00874   29  806 1327.00000 1506.27145  13.5%  1131 2281s
 11709  8224 1456.10017   33  716 1327.00000 1506.27145  13.5%  1143 2330s
 11963  8233 1428.69689   48  475 1327.00000 1506.27145  13.5%  1149 2374s
 11972  8523 1428.61787   49  468 1327.00000 1501.75521  13.2%  1150 2421s
 12325  8679 1497.94185   21  743 1327.00000 1501.63167  13.2%  1148 2475s
 12537  9040 1465.09465   28  624 1327.00000 1501.63167  13.2%  1155 2527s
 12920  9393 1449.42815   48  653 1327.00000 1501.63167  13.2%  1151 2583s
 13305  9697 1342.81787  104  257 1327.00000 1501.63167  13.2%  1152 2637s
 13637 10146 1477.60647   29  718 1327.00000 1501.63167  13.2%  1151 2697s
 14112 10819 1477.78758   43  654 1327.00000 1501.63167  13.2%  1147 2762s
 14859 11370 1455.37904   73  386 1327.00000 1501.63167  13.2%  1134 2852s
 15482 11740 1402.84106  129  222 1327.00000 1501.63167  13.2%  1138 2937s
 15940 11882 1486.24267   29  585 1327.00000 1501.63167  13.2%  1141 3024s
 16082 12110 1418.09808   73  324 1327.00000 1500.20388  13.1%  1159 3105s
 16324 12684 1482.44478   26  763 1327.00000 1497.80625  12.9%  1175 3213s
 16945 13324 1479.04905   25  811 1327.00000 1497.60354  12.9%  1195 3330s
 17702 13770 1444.69783   48  643 1327.00000 1497.60354  12.9%  1197 3448s
 18196 14512 1479.48852   34  646 1327.00000 1497.49172  12.8%  1216 3556s
 19026 14788 1491.10135   26  697 1327.00000 1497.49172  12.8%  1226 3600s

Cutting planes:
  Gomory: 3
  Lift-and-project: 1216
  Cover: 5
  Implied bound: 20
  MIR: 631
  StrongCG: 24
  Flow cover: 408
  RLT: 1356
  Relax-and-lift: 3
  BQP: 2

Explored 19332 nodes (23851387 simplex iterations) in 3600.02 seconds (8696.22 work units)
Thread count was 16 (of 16 available processors)

Solution count 10: 1327 1326 1322 ... 1299

Time limit reached
Best objective 1.327000000000e+03, best bound 1.497000000000e+03, gap 12.8109%
