
Gurobi 13.0.3 (linux64) logging started Sun Sep 13 01:44:34 2026

Set parameter LogFile to value "Logs/Gurobi/dags_m0050_s5.txt"
Gurobi Optimizer version 13.0.3 build v13.0.3rc0 (linux64 - "Ubuntu 24.04.4 LTS")

CPU model: AMD Ryzen 7 7700 8-Core Processor, instruction set [SSE2|AVX|AVX2|AVX512]
Thread count: 8 physical cores, 16 logical processors, using up to 16 threads

Non-default parameters:
TimeLimit  3600
LogToConsole  0

Academic license 2863599 - for non-commercial use only - registered to be___@usm.cl
Optimize a model with 6692 rows, 4007 columns and 15304 nonzeros (Max)
Model fingerprint: 0x3e139db7
Model has 3311 linear objective coefficients
Variable types: 3311 continuous, 696 integer (696 binary)
Coefficient statistics:
  Matrix range     [1e+00, 5e+01]
  Objective range  [1e+00, 7e+00]
  Bounds range     [1e+00, 1e+00]
  RHS range        [1e+00, 1e+00]

Warning: Completing partial solution with 646 unfixed non-continuous variables out of 696
User MIP start produced solution with objective 123 (0.00s)
Loaded user MIP start with objective 123

Presolve removed 197 rows and 100 columns
Presolve time: 0.09s
Presolved: 6495 rows, 3907 columns, 14860 nonzeros
Variable types: 0 continuous, 3907 integer (3907 binary)

Root relaxation: objective 3.277898e+02, 11455 iterations, 0.50 seconds (1.34 work units)

    Nodes    |    Current Node    |     Objective Bounds      |     Work
 Expl Unexpl |  Obj  Depth IntInf | Incumbent    BestBd   Gap | It/Node Time

     0     0  327.78979    0 3398  123.00000  327.78979   166%     -    0s
     0     0  193.03125    0 1491  123.00000  193.03125  56.9%     -    3s
     0     0  191.73045    0 1513  123.00000  191.73045  55.9%     -    3s
     0     0  191.71150    0 1472  123.00000  191.71150  55.9%     -    3s
     0     0  158.31425    0 1220  123.00000  158.31425  28.7%     -    4s
     0     0  157.52283    0 1151  123.00000  157.52283  28.1%     -    4s
     0     0  157.40676    0 1187  123.00000  157.40676  28.0%     -    4s
     0     0  153.40768    0 1074  123.00000  153.40768  24.7%     -    5s
     0     0  153.01472    0 1168  123.00000  153.01472  24.4%     -    6s
     0     0  152.95402    0 1235  123.00000  152.95402  24.4%     -    6s
     0     0  152.25872    0 1096  123.00000  152.25872  23.8%     -    6s
     0     0  152.25872    0 1096  123.00000  152.25872  23.8%     -    6s
     0     0  152.25872    0 1096  123.00000  152.25872  23.8%     -    6s
     0     2  152.25793    0 1096  123.00000  152.25793  23.8%     -    9s
     1     4  152.12910    1 1075  123.00000  152.22599  23.8%   328   11s
   134   156  143.06375   15  893  123.00000  151.51859  23.2%   594   15s
   681   587  129.66354   26  314  123.00000  150.12592  22.1%   452   20s
  1310  1088  127.82353   54  337  123.00000  149.70829  21.7%   413   26s
  1724  1358  136.65911   14 1096  123.00000  149.70829  21.7%   405   34s
  1726  1359  147.88045   10 2633  123.00000  149.70829  21.7%   405   35s
  1733  1364  131.54230   19 1099  123.00000  149.70829  21.7%   403   40s
  1751  1376  145.97858   13  900  123.00000  149.47174  21.5%   399   45s
  1761  1388  148.91552   16  935  123.00000  148.98476  21.1%   425   50s
  1899  1499  147.72718   22  968  123.00000  148.44813  20.7%   467   55s
H 1978  1484                     124.0000000  148.44813  19.7%   487   57s
  2037  1526  147.31976   25 1007  124.00000  148.44813  19.7%   494   61s
H 2044  1457                     125.0000000  148.44813  18.8%   495   61s
H 2102  1433                     126.0000000  148.44813  17.8%   502   62s
  2211  1490  145.57825   28  933  126.00000  148.44813  17.8%   513   65s
  2389  1579  139.19297   33  647  126.00000  148.31211  17.7%   514   70s
  2809  1783  134.16082   45  540  126.00000  146.72843  16.5%   513   75s
  3117  1930  130.36450   54  492  126.00000  146.28603  16.1%   512   80s
  3554  2134  137.82226   29  565  126.00000  145.59390  15.6%   510   86s
  4286  2535  140.30095   26  785  126.00000  145.59390  15.6%   488   91s
  4663  2642  135.16451   39  660  126.00000  145.59390  15.6%   486   96s
  5170  2956  127.19613   72  434  126.00000  145.42508  15.4%   481  100s
  5768  3470  140.28259   34  888  126.00000  144.54359  14.7%   473  106s
  6546  3989  140.76580   33  706  126.00000  144.38318  14.6%   469  111s
  7113  4599  127.44664   67  378  126.00000  144.14691  14.4%   469  115s
  8271  5469  140.09611   43  812  126.00000  143.98091  14.3%   459  121s
  9093  6047  131.98422   77  790  126.00000  143.98091  14.3%   456  126s
  9320  6375  129.95953   88  746  126.00000  143.98091  14.3%   455  130s
 10197  6982  135.91244   42  758  126.00000  143.98091  14.3%   455  135s
 10892  7541  141.67081   37  745  126.00000  143.90596  14.2%   455  140s
 11759  8398  139.59110   35  610  126.00000  143.90596  14.2%   458  146s
 12733  9321  137.52625   32  460  126.00000  143.90596  14.2%   460  152s
 13407  9925  140.98522   39  756  126.00000  143.90596  14.2%   460  155s
 14804 11033  139.10821   30  698  126.00000  142.39292  13.0%   455  164s
 15552 11563  130.21833   77  520  126.00000  142.39292  13.0%   452  167s
 16228 11633  137.30951   40  577  126.00000  142.39292  13.0%   451  172s
 16298 11925  136.92650   42  671  126.00000  142.39292  13.0%   450  175s
 17414 13258  134.07668   31  517  126.00000  142.02083  12.7%   448  183s
 18355 13632  140.58717   34  578  126.00000  142.00905  12.7%   447  187s
 18866 14267  135.33309   58  585  126.00000  142.00905  12.7%   446  191s
 19743 14917  132.41422   48  618  126.00000  141.78916  12.5%   445  195s
 20555 15708  131.58584   49  342  126.00000  141.68688  12.4%   446  203s
 21606 16106  138.78831   28  701  126.00000  141.68417  12.4%   448  207s
H21725 15523                     127.0000000  141.68417  11.6%   448  207s
 22103 16056  129.37744   58  609  127.00000  141.68417  11.6%   448  212s
 22895 16781  133.38720   58  473  127.00000  141.68417  11.6%   449  217s
 23812 17562  132.84753   43  670  127.00000  141.47507  11.4%   448  222s
 24925 17942  138.15909   40  645  127.00000  141.41780  11.4%   446  227s
 25418 18768  133.78369   65  655  127.00000  141.41780  11.4%   445  234s
 26526 19301  134.25134   55  674  127.00000  141.29027  11.3%   444  240s
 27243 20033  135.01350   34  481  127.00000  141.18382  11.2%   443  246s
 28220 21172  128.10328   68  475  127.00000  141.11377  11.1%   441  251s
 29624 22174  129.29195   56  424  127.00000  141.04763  11.1%   439  257s
 30943 23038  136.25040   44  698  127.00000  140.98899  11.0%   436  264s
 32214 24067  135.51916   38  721  127.00000  140.92518  11.0%   437  272s
 33585 25101  137.99093   30  596  127.00000  140.80406  10.9%   437  279s
 34998 26315  134.71439   42  636  127.00000  140.74095  10.8%   437  286s
 36569 26991  133.27060   68  511  127.00000  140.65103  10.7%   438  293s
 37431 28238  129.18899   62  526  127.00000  140.59738  10.7%   436  303s
 39355 29582  135.39053   31  638  127.00000  140.51447  10.6%   432  310s
 41082 29583  131.37237   55 1096  127.00000  140.41616  10.6%   430  341s
 41086 29586  133.62065   39 1130  127.00000  140.41616  10.6%   430  345s
 41100 29595  135.16631   47  976  127.00000  140.41616  10.6%   430  350s
 41108 29600  138.75464   31  970  127.00000  140.41616  10.6%   430  355s
 41121 29609  130.12872   69  965  127.00000  140.41616  10.6%   430  360s
 41134 29618  135.92111   37 1026  127.00000  140.41616  10.6%   430  365s
 41152 29647  140.41616   27 1086  127.00000  140.41616  10.6%   431  371s
 41240 29708  140.41616   31  983  127.00000  140.41616  10.6%   433  375s
 41396 29807  140.41616   34  810  127.00000  140.41616  10.6%   435  380s
 41625 29933  140.10370   38  720  127.00000  140.41616  10.6%   437  385s
 41952 30082  134.22137   41  435  127.00000  140.41616  10.6%   438  390s
 42282 30235  134.48239   44  376  127.00000  140.41616  10.6%   439  395s
 42586 30343  138.95931   32  551  127.00000  140.41616  10.6%   439  400s
 42671 30400  139.40699   35  667  127.00000  140.41616  10.6%   439  405s
 42933 30579  138.48017   37  585  127.00000  140.41616  10.6%   439  410s
 43304 30779  136.33249   45  618  127.00000  140.41616  10.6%   439  415s
 43794 30996  138.37478   34  711  127.00000  140.41616  10.6%   439  420s
 44318 31288  133.02713   60  725  127.00000  140.41616  10.6%   439  425s
 44938 31594  137.57089   34  717  127.00000  140.41616  10.6%   438  431s
 45351 31767  135.85680   43  453  127.00000  140.41616  10.6%   439  436s
 45555 31885  135.65191   48  560  127.00000  140.41616  10.6%   439  440s
 46057 32138  139.19608   36  733  127.00000  140.41616  10.6%   439  445s
 46610 32370  135.26513   50  467  127.00000  140.41616  10.6%   438  450s
 47189 32605  137.17205   48  458  127.00000  140.41616  10.6%   438  456s
 47805 33017     cutoff   86       127.00000  140.41616  10.6%   438  462s
 48310 33194  132.22862   56  476  127.00000  140.41616  10.6%   437  465s
 49290 33534     cutoff   71       127.00000  140.41616  10.6%   438  472s
 49928 33893  137.21265   37  534  127.00000  140.41616  10.6%   438  477s
 50600 34226  135.02823   39  546  127.00000  140.41616  10.6%   437  480s
 52067 34825  131.32684   64  497  127.00000  140.41616  10.6%   436  487s
 52694 35177  134.78984   60  683  127.00000  140.41616  10.6%   436  491s
 54280 35855     cutoff   61       127.00000  140.41616  10.6%   435  498s
 55017 36166  128.98104   79  454  127.00000  140.41616  10.6%   434  502s
 55733 36601  133.34353   46  674  127.00000  140.41616  10.6%   434  509s
 56585 36941  133.90856   61  595  127.00000  140.41616  10.6%   433  513s
 57583 37440  135.14721   65  633  127.00000  140.39404  10.5%   432  518s
 58601 37904  132.62953   50  724  127.00000  140.35309  10.5%   431  522s
 59719 38272  137.29304   44  604  127.00000  140.28302  10.5%   431  526s
 60649 38854  129.78407   66  440  127.00000  140.28302  10.5%   431  530s
 61798 39403  133.13773   63  418  127.00000  140.14231  10.3%   431  537s
 63016 39785  134.06618   50  569  127.00000  140.10988  10.3%   431  543s
 64002 39966  131.45906   61  470  127.00000  139.99646  10.2%   431  548s
 64730 40476  133.47849   55  645  127.00000  139.98892  10.2%   431  552s
 65820 40788  134.31404   51  690  127.00000  139.87828  10.1%   430  557s
 66636 41169  136.17386   44  605  127.00000  139.84537  10.1%   430  562s
 67569 41640  129.36158   62  279  127.00000  139.80546  10.1%   430  567s
 68711 42296  132.65977   60  690  127.00000  139.75059  10.0%   430  572s
 70065 42817  131.00274   52  468  127.00000  139.69883  10.0%   429  580s
 71440 43314  135.84658   49  478  127.00000  139.63267  9.95%   428  585s
 72758 43925  133.81184   45  521  127.00000  139.58231  9.91%   428  591s
 74148 44385  131.29688   42  478  127.00000  139.53597  9.87%   428  596s
 75467 44719  131.43563   64  370  127.00000  139.47086  9.82%   430  603s
 76643 45303  129.29093   43  516  127.00000  139.44042  9.80%   429  609s
 78259 46100  136.07759   40  731  127.00000  139.37499  9.74%   429  618s
 80044 46788  133.82476   50  533  127.00000  139.28709  9.67%   428  625s
 81854 47437  129.39335   65  372  127.00000  139.24546  9.64%   426  632s
 83578 48587  135.56961   49  558  127.00000  139.21029  9.61%   425  641s
 85971 48413  134.20552   51  507  127.00000  139.10685  9.53%   424  650s
 86843 49466  135.60171   41  661  127.00000  139.09459  9.52%   424  657s
 88656 50170  132.03414   47  515  127.00000  139.03721  9.48%   423  663s
 90334 50899  135.71265   49  609  127.00000  139.00503  9.45%   422  670s
 92061 51233  136.00100   41  430  127.00000  138.95121  9.41%   420  676s
 93451 52197  129.63102   68  475  127.00000  138.94495  9.41%   420  685s
 95363 52839  133.63609   55  709  127.00000  138.84863  9.33%   418  692s
 97208 53561  133.98438   54  571  127.00000  138.80515  9.30%   417  699s
 99017 54211  136.17148   42  434  127.00000  138.77013  9.27%   417  705s
 100650 54810  137.36819   39  626  127.00000  138.72462  9.23%   416  711s
 102207 55465  133.16815   60  556  127.00000  138.67737  9.19%   416  720s
 103839 55982  136.82689   50  832  127.00000  138.63913  9.16%   415  726s
 105405 56959     cutoff   53       127.00000  138.61135  9.14%   415  735s
 107562 57575  135.79981   40  460  127.00000  138.57211  9.11%   415  741s
 109292 57972  135.15531   47  465  127.00000  138.52189  9.07%   414  747s
 110978 58393  133.37272   42  539  127.00000  138.50614  9.06%   413  755s
 112517 58835  133.75052   43  594  127.00000  138.47366  9.03%   412  761s
 114025 58792     cutoff   45       127.00000  138.44520  9.01%   412  766s
 114976 59566  135.94007   45  531  127.00000  138.44520  9.01%   412  772s
 116923 60103  133.59835   57  593  127.00000  138.40501  8.98%   410  778s
 118565 60664  128.57170   83  630  127.00000  138.37567  8.96%   410  787s
 120243 60997  130.24173   51  365  127.00000  138.33968  8.93%   409  792s
 121502 61756  128.22706   71  645  127.00000  138.33106  8.92%   409  798s
 123128 62423  135.33541   44  657  127.00000  138.28619  8.89%   409  804s
 124878 62373  134.80147   41  541  127.00000  138.26131  8.87%   409  811s
 125621 63098  132.90479   50  581  127.00000  138.25996  8.87%   408  819s
 126943 64164  134.78227   37  613  127.00000  138.24169  8.85%   408  828s
 129125 64555  135.87815   44  553  127.00000  138.21776  8.83%   408  833s
 130722 65272  135.03919   52  508  127.00000  138.18938  8.81%   407  838s
 132228 66300  131.72032   56  330  127.00000  138.17213  8.80%   407  844s
 133891 67432  131.78528   56  536  127.00000  138.14173  8.77%   407  850s
 135468 68586  128.83864   72  583  127.00000  138.12674  8.76%   407  858s
 137158 69770  128.23306   85  497  127.00000  138.10883  8.75%   406  864s
 138742 70831  132.60583   37  594  127.00000  138.08357  8.73%   405  869s
 140285 71929  135.45472   37  506  127.00000  138.07140  8.72%   406  875s
 141887 72767  130.04978   61  465  127.00000  138.04354  8.70%   406  881s
 143251 73798  130.33487   54  416  127.00000  138.02681  8.68%   405  889s
 144805 74989  130.28079   59  591  127.00000  137.99140  8.65%   405  895s
 146464 75177  135.78317   54  677  127.00000  137.97189  8.64%   404  901s
 146672 76255  131.27057   60  466  127.00000  137.97189  8.64%   405  907s
 148266 77787     cutoff   53       127.00000  137.95000  8.62%   404  915s
 150251 78801  129.36312   45  545  127.00000  137.92124  8.60%   404  923s
 152039 79792  133.48103   48  748  127.00000  137.90215  8.58%   403  929s
 153554 80853  134.02283   44  602  127.00000  137.87933  8.57%   403  935s
 155338 81786  128.14591   80  416  127.00000  137.86045  8.55%   403  940s
 156775 82754  128.23840   60  347  127.00000  137.86045  8.55%   403  946s
 158352 83879  130.67559   60  526  127.00000  137.83662  8.53%   403  952s
 159924 84802  129.25373   81  471  127.00000  137.82205  8.52%   403  960s
 161455 85310  134.28552   47  415  127.00000  137.79974  8.50%   403  966s
 162259 86404  134.04880   47  574  127.00000  137.79974  8.50%   403  972s
 164111 87484  128.65849   55  499  127.00000  137.75453  8.47%   402  978s
 165873 88733  133.76273   43  560  127.00000  137.72779  8.45%   402  984s
 167590 89961  133.87663   48  333  127.00000  137.71211  8.43%   401  992s
 169262 91292  129.32250   46  360  127.00000  137.69806  8.42%   401 1000s
 171242 91976  132.86191   51  511  127.00000  137.68633  8.41%   401 1006s
 172222 93358  129.75715   47  351  127.00000  137.68050  8.41%   401 1013s
 174250 94592  130.58471   58  439  127.00000  137.66121  8.39%   401 1019s
 176000 95948  129.39170   70  420  127.00000  137.64497  8.38%   401 1028s
 177893 97182  132.17193   48  442  127.00000  137.62282  8.36%   400 1033s
 179596 98127  131.42392   62  441  127.00000  137.61202  8.36%   399 1039s
 181115 99303  135.82561   45  637  127.00000  137.59704  8.34%   400 1045s
 182822 100446  135.64599   42  579  127.00000  137.58277  8.33%   399 1051s
 184480 101675  133.71355   44  613  127.00000  137.56168  8.32%   399 1057s
 186203 102802  132.46289   49  497  127.00000  137.54444  8.30%   398 1065s
 187880 103928  131.68422   56  439  127.00000  137.52965  8.29%   398 1071s
 189528 104945  136.03075   48  607  127.00000  137.51415  8.28%   398 1076s
 191063 106198  135.42796   54  481  127.00000  137.50077  8.27%   398 1084s
 193067 107381  135.77291   56  574  127.00000  137.48307  8.25%   398 1090s
 194645 108373  136.41151   41  422  127.00000  137.47374  8.25%   397 1098s
 196250 109341  135.61749   37  372  127.00000  137.45427  8.23%   397 1103s
 197895 110348  128.18245   67  513  127.00000  137.43779  8.22%   396 1109s
 199630 111252  135.48368   38  661  127.00000  137.42109  8.21%   396 1115s
 201144 112420     cutoff   68       127.00000  137.40845  8.20%   396 1120s
 202778 113583  133.14985   59  530  127.00000  137.39743  8.19%   396 1126s
 204379 114237  135.42139   38  491  127.00000  137.38657  8.18%   396 1134s
 205316 115313  133.67546   48  590  127.00000  137.37608  8.17%   396 1140s
 206993 116500  132.48312   64  627  127.00000  137.37417  8.17%   396 1146s
 208670 117503  130.67008   58  538  127.00000  137.35395  8.15%   395 1152s
 210393 118700  132.75344   59  548  127.00000  137.33696  8.14%   395 1157s
 212158 120093  130.62764   53  429  127.00000  137.31812  8.12%   394 1167s
 214279 120576  135.50131   47  654  127.00000  137.30236  8.11%   394 1172s
 214941 121343  129.44584   72  616  127.00000  137.30236  8.11%   393 1179s
 216106 122720  133.08066   43  653  127.00000  137.29000  8.10%   393 1185s
 218148 124038  128.71678   60  287  127.00000  137.27471  8.09%   393 1192s
 220116 125144  128.45156   77  577  127.00000  137.26373  8.08%   392 1200s
 221844 126407  133.82159   42  318  127.00000  137.25278  8.07%   392 1206s
 223679 127597  128.50714   69  414  127.00000  137.23504  8.06%   392 1212s
 225371 128454  132.67663   55  434  127.00000  137.22652  8.05%   392 1218s
 226809 129593  129.61603   70  480  127.00000  137.21398  8.04%   391 1224s
 228384 130767  134.52268   40  647  127.00000  137.20647  8.04%   391 1230s
 230183 131932  135.12167   34  680  127.00000  137.19134  8.02%   391 1238s
 231835 133055  129.41007   68  438  127.00000  137.18319  8.02%   391 1244s
 233572 134417  132.87728   53  493  127.00000  137.16676  8.01%   391 1252s
 235623 135273  129.92809   61  408  127.00000  137.15320  7.99%   391 1257s
 237198 136038  134.33221   43  476  127.00000  137.14768  7.99%   391 1262s
 238765 137055  133.12429   44  483  127.00000  137.13533  7.98%   391 1270s
 240384 138110  129.86714   49  440  127.00000  137.12781  7.97%   390 1275s
 241854 139052  129.26380   52  384  127.00000  137.11924  7.97%   391 1281s
 243524 140189  131.04698   52  533  127.00000  137.10776  7.96%   391 1286s
 245247 141204  132.17431   51  537  127.00000  137.09791  7.95%   390 1292s
 246800 142430  129.02343   77  481  127.00000  137.08817  7.94%   391 1297s
 248452 143585  135.42263   49  462  127.00000  137.07776  7.94%   390 1305s
 250109 144664  134.54063   41  567  127.00000  137.06821  7.93%   390 1310s
 251669 145598  132.96911   53  560  127.00000  137.05432  7.92%   390 1316s
 252976 146764  128.32293   75  482  127.00000  137.05073  7.91%   389 1321s
 254770 148037  135.85138   42  720  127.00000  137.03560  7.90%   389 1328s
 256656 149130  131.92834   50  477  127.00000  137.02925  7.90%   389 1336s
 258434 150052  130.63626   53  319  127.00000  137.02117  7.89%   389 1342s
 260092 151151  128.17922   61  382  127.00000  137.00560  7.88%   388 1347s
 261682 152027  134.50738   37  386  127.00000  136.99333  7.87%   388 1353s
 263400 153112  133.22794   37  756  127.00000  136.98491  7.86%   388 1358s
 265011 154188  132.27053   55  488  127.00000  136.97275  7.85%   387 1363s
 266637 155318  134.36129   58  546  127.00000  136.95972  7.84%   387 1371s
 268277 156484  134.18591   54  637  127.00000  136.95155  7.84%   387 1377s
 269977 157587  131.26001   54  607  127.00000  136.94197  7.83%   387 1382s
 271510 158652  132.50045   61  479  127.00000  136.93571  7.82%   387 1388s
 273062 159828  130.96364   58  584  127.00000  136.92691  7.82%   387 1393s
 274683 160903  135.31466   42  546  127.00000  136.91984  7.81%   386 1398s
 276263 161954  128.07025   76  444  127.00000  136.91256  7.81%   386 1407s
 277838 163429  133.49787   41  515  127.00000  136.90399  7.80%   386 1414s
 279966 164636  131.39194   51  609  127.00000  136.88939  7.79%   386 1420s
 281646 165703  133.47251   53  579  127.00000  136.88055  7.78%   385 1425s
 283270 166854  130.58350   45  677  127.00000  136.87310  7.77%   385 1431s
 284986 167722     cutoff   71       127.00000  136.85982  7.76%   385 1437s
 286449 167795  130.14345   48  480  127.00000  136.85450  7.76%   385 1444s
 286577 168570  130.05067   49  513  127.00000  136.85435  7.76%   385 1450s
 287686 169782  128.32474   56  456  127.00000  136.84930  7.76%   385 1456s
 289468 170798  129.65149   58  591  127.00000  136.83598  7.74%   385 1462s
 291534 171906  130.58724   45  464  127.00000  136.83028  7.74%   384 1467s
 293355 172911  130.82434   49  314  127.00000  136.82346  7.74%   384 1475s
 295083 173525  133.44401   59  561  127.00000  136.81277  7.73%   384 1481s
 296144 174571  132.60331   44  781  127.00000  136.81277  7.73%   384 1486s
 297866 175900  136.26589   58  563  127.00000  136.80010  7.72%   384 1493s
 299733 177028  132.50708   48  436  127.00000  136.79095  7.71%   384 1499s
 301496 178181  134.27319   43  525  127.00000  136.78294  7.70%   384 1505s
 303178 179235  132.27807   56  354  127.00000  136.77261  7.69%   383 1512s
 304846 180234  134.39289   36  415  127.00000  136.76177  7.69%   383 1517s
 306487 181268  134.87468   41  782  127.00000  136.75111  7.68%   383 1522s
 308154 181280  128.63861   85  430  127.00000  136.74397  7.67%   383 1528s
 308174 181305  128.48706   86  272  127.00000  136.74397  7.67%   383 1532s
 308217 181490  128.14643   87  314  127.00000  136.74277  7.67%   383 1537s
 308497 182417  134.04838   51  615  127.00000  136.74268  7.67%   383 1545s
 309909 183594  135.05358   41  474  127.00000  136.73441  7.66%   382 1551s
 311564 184681  134.69675   46  668  127.00000  136.72538  7.66%   382 1556s
 313235 185808  132.34577   58  562  127.00000  136.71807  7.65%   382 1562s
 314930 186887  129.23079   47  477  127.00000  136.70995  7.65%   382 1568s
 316637 188025  130.48624   70  528  127.00000  136.70276  7.64%   382 1573s
 318305 189326     cutoff   51       127.00000  136.69481  7.63%   382 1582s
 320476 190026  132.46298   52  692  127.00000  136.69213  7.63%   381 1587s
 321550 191179  132.66299   58  308  127.00000  136.68982  7.63%   381 1593s
 323317 192255  129.89100   56  351  127.00000  136.67720  7.62%   381 1598s
 325046 193166  133.63646   59  498  127.00000  136.66992  7.61%   381 1604s
 326637 194224  129.23435   68  465  127.00000  136.66153  7.61%   381 1609s
 328236 195166  128.45952   54  379  127.00000  136.65583  7.60%   381 1616s
 329833 196185  128.97441   62  477  127.00000  136.64863  7.60%   381 1622s
 331499 196931  133.39022   58  492  127.00000  136.64118  7.59%   381 1627s
 332949 197978  130.41071   51  475  127.00000  136.63606  7.59%   381 1632s
 334564 198959  132.39418   45  493  127.00000  136.62838  7.58%   381 1637s
 336099 199956     cutoff   53       127.00000  136.62657  7.58%   380 1643s
 337823 200905  134.87374   57  532  127.00000  136.61361  7.57%   380 1650s
 339341 202052  132.82248   61  563  127.00000  136.60854  7.57%   380 1658s
 341173 203136  135.69678   45  551  127.00000  136.59885  7.56%   380 1663s
 342896 204160  133.18913   44  554  127.00000  136.59103  7.55%   380 1669s
 344552 204922  129.33377   59  424  127.00000  136.58400  7.55%   380 1674s
 345807 206185  131.98314   53  523  127.00000  136.58307  7.55%   380 1682s
 347634 207366  129.87761   63  384  127.00000  136.57216  7.54%   379 1688s
 349410 208337     cutoff   57       127.00000  136.56340  7.53%   379 1694s
 351131 209411  132.80646   43  563  127.00000  136.55651  7.52%   379 1699s
 352783 210385  129.00160   81  262  127.00000  136.55162  7.52%   379 1704s
 354492 210594  135.46361   43  471  127.00000  136.54612  7.52%   379 1710s
 354915 211579  135.41124   44  412  127.00000  136.54612  7.52%   379 1718s
 356446 212746  131.10119   60  691  127.00000  136.54154  7.51%   379 1723s
 358248 213826  131.64685   36  695  127.00000  136.52860  7.50%   379 1729s
 359909 215023  132.32691   46  487  127.00000  136.52125  7.50%   379 1736s
 361724 215419  130.81285   60  515  127.00000  136.51471  7.49%   379 1741s
 362344 215800  130.29547   57  262  127.00000  136.51471  7.49%   379 1750s
 362954 217224  131.25962   65  202  127.00000  136.51140  7.49%   379 1759s
 365392 218604  131.78073   54  320  127.00000  136.50420  7.48%   379 1766s
 367699 219868     cutoff   73       127.00000  136.49785  7.48%   378 1773s
 369717 221069  132.67401   51  644  127.00000  136.48777  7.47%   378 1779s
 371600 222215  135.16180   61  650  127.00000  136.47852  7.46%   378 1788s
 373697 223219     cutoff   78       127.00000  136.47449  7.46%   378 1793s
 375388 224205  134.23599   42  552  127.00000  136.46277  7.45%   378 1799s
 377229 225225     cutoff   58       127.00000  136.45757  7.45%   378 1805s
 378866 226251  134.47143   43  576  127.00000  136.45001  7.44%   378 1810s
 380563 227564  130.91354   50  483  127.00000  136.44383  7.44%   378 1820s
 382401 228523  128.85713   75  543  127.00000  136.43624  7.43%   378 1826s
 383818 229650  130.95820   65  619  127.00000  136.43042  7.43%   378 1832s
 385611 230662  130.02778   48  217  127.00000  136.42424  7.42%   378 1837s
 387442 231788  133.62260   53  666  127.00000  136.41612  7.41%   377 1843s
 389189 232742  130.35302   66  589  127.00000  136.41100  7.41%   377 1848s
 391000 233852  135.69497   42  493  127.00000  136.40360  7.40%   377 1856s
 392757 234849  131.05785   42  739  127.00000  136.39750  7.40%   377 1861s
 394307 235749  134.11732   41  594  127.00000  136.39242  7.40%   377 1866s
 395927 236846  129.05617   68  386  127.00000  136.38616  7.39%   377 1871s
 397519 237592  129.98717   70  406  127.00000  136.38071  7.39%   377 1876s
 398718 238620  132.71473   51  480  127.00000  136.37664  7.38%   377 1882s
 400375 239709  128.29279   50  382  127.00000  136.36988  7.38%   377 1890s
 402014 240908  129.44233   59  304  127.00000  136.36438  7.37%   376 1897s
 403856 242033  128.96506   59  384  127.00000  136.35869  7.37%   376 1902s
 405485 243230  132.45338   50  600  127.00000  136.35061  7.36%   376 1907s
 407214 244113     cutoff   43       127.00000  136.34400  7.36%   376 1913s
 408850 245145  129.40079   59  547  127.00000  136.33958  7.35%   376 1918s
 410489 246050  129.66782   47  275  127.00000  136.33370  7.35%   376 1926s
 412225 247003  129.34774   64  443  127.00000  136.32660  7.34%   376 1932s
 413927 247803     cutoff   69       127.00000  136.32269  7.34%   376 1937s
 415522 248856  130.25062   49  499  127.00000  136.31643  7.34%   376 1942s
 417212 249687  130.50791   59  564  127.00000  136.31056  7.33%   376 1947s
 418585 250770  131.84159   44  524  127.00000  136.30669  7.33%   376 1952s
 420306 251815  131.24635   57  502  127.00000  136.29984  7.32%   376 1960s
 421935 252827  128.25009   49  372  127.00000  136.29376  7.32%   376 1965s
 423519 254005  129.76262   60  669  127.00000  136.28751  7.31%   375 1972s
 425469 254961  128.84914   71  537  127.00000  136.28205  7.31%   375 1977s
 427184 255944  130.46682   57  594  127.00000  136.27632  7.30%   375 1982s
 428770 256822  133.15471   60  746  127.00000  136.27029  7.30%   375 1987s
 430293 257945  130.88511   60  586  127.00000  136.26540  7.30%   375 1995s
 431929 258964  130.09191   67  737  127.00000  136.26029  7.29%   375 2000s
 433516 259827  130.41337   51  438  127.00000  136.25278  7.29%   374 2005s
 435181 260917  133.00604   53  446  127.00000  136.24767  7.28%   374 2010s
 436757 261568  131.33879   61  550  127.00000  136.24375  7.28%   374 2015s
 437976 262690  129.67188   70  475  127.00000  136.24154  7.28%   374 2021s
 439644 263808     cutoff   67       127.00000  136.23494  7.27%   374 2028s
 441351 264948  134.82837   45  328  127.00000  136.23257  7.27%   374 2034s
 443030 266055  134.74497   48  527  127.00000  136.22797  7.27%   374 2039s
 444604 267246  134.75881   38  565  127.00000  136.22227  7.26%   374 2045s
 446562 268089  132.51681   64  568  127.00000  136.21730  7.26%   373 2050s
 448025 269201  128.74806   61  404  127.00000  136.21161  7.25%   373 2056s
 449725 270210  128.44375   80  326  127.00000  136.20664  7.25%   373 2064s
 451496 271327  132.85435   56  576  127.00000  136.20302  7.25%   373 2069s
 453162 272310  128.56462   70  498  127.00000  136.19800  7.24%   373 2074s
 454800 273328  130.53214   60  375  127.00000  136.19292  7.24%   373 2079s
 456381 274088  131.48078   56  602  127.00000  136.18955  7.24%   373 2084s
 457715 274959  133.98537   46  528  127.00000  136.18357  7.23%   373 2089s
 459149 275968  133.81667   47  532  127.00000  136.17994  7.23%   373 2097s
 460854 277061  132.48696   62  627  127.00000  136.17385  7.22%   373 2102s
 462446 278162  130.72451   61  568  127.00000  136.17021  7.22%   373 2107s
 464169 279261  128.51938   64  367  127.00000  136.16139  7.21%   372 2113s
 465860 280223  133.30439   49  556  127.00000  136.15541  7.21%   372 2120s
 467443 280516  133.29918   46  545  127.00000  136.15181  7.21%   372 2126s
 467977 281600  131.48662   46  401  127.00000  136.15181  7.21%   372 2136s
 469970 283012  134.20926   38  463  127.00000  136.14597  7.20%   372 2144s
 472355 284273  134.17751   37  425  127.00000  136.13725  7.19%   372 2150s
 474475 285296  131.43547   60  435  127.00000  136.13113  7.19%   371 2156s
 476394 286245  133.14588   43  483  127.00000  136.12445  7.18%   371 2164s
 477801 287242  133.40247   56  477  127.00000  136.12353  7.18%   371 2170s
 479486 288206  130.18705   54  165  127.00000  136.11647  7.18%   371 2176s
 481378 289160  132.66649   58  358  127.00000  136.11199  7.17%   371 2182s
 483178 290307  130.60983   58  464  127.00000  136.10559  7.17%   371 2188s
 484964 291399  134.86163   49  577  127.00000  136.10089  7.17%   371 2194s
 486669 292554  129.68449   57  463  127.00000  136.09678  7.16%   371 2203s
 488546 293554  130.63034   44  433  127.00000  136.09201  7.16%   371 2208s
 490206 294444  129.05618   67  509  127.00000  136.08563  7.15%   371 2214s
 491886 295437  132.46338   49  513  127.00000  136.08026  7.15%   371 2219s
 493497 296223     cutoff   49       127.00000  136.07716  7.15%   371 2224s
 495292 297114  133.21115   57  650  127.00000  136.07295  7.14%   371 2229s
 496994 298025  130.97675   49  418  127.00000  136.06989  7.14%   371 2236s
 498618 298712  130.00351   60  291  127.00000  136.06354  7.14%   371 2242s
 500602 299591  131.49022   58  430  127.00000  136.06132  7.13%   371 2246s
 502113 300505  129.84023   66  472  127.00000  136.05403  7.13%   370 2251s
 503572 301274  129.07836   69  438  127.00000  136.05094  7.13%   370 2256s
 504910 302153  130.28341   51  369  127.00000  136.04721  7.12%   370 2261s
 506707 303056  133.68635   46  396  127.00000  136.04527  7.12%   370 2268s
 508344 304115  132.75219   56  514  127.00000  136.04154  7.12%   370 2275s
 510314 305163  132.73670   52  536  127.00000  136.03531  7.11%   370 2280s
 512046 306062  129.45309   51  505  127.00000  136.03253  7.11%   370 2285s
 513562 306989  128.74311   64  576  127.00000  136.02791  7.11%   370 2290s
 514997 307877  129.83479   50  592  127.00000  136.02207  7.10%   370 2295s
 516355 308997  133.20160   46  509  127.00000  136.01790  7.10%   370 2303s
 517996 309964  133.72721   36  707  127.00000  136.01405  7.10%   370 2308s
 519631 310845  130.68375   50  531  127.00000  136.01049  7.09%   369 2313s
 521143 311735  132.87426   48  548  127.00000  136.00630  7.09%   369 2319s
 522717 312629  132.05713   53  534  127.00000  136.00116  7.09%   369 2324s
 524389 313657  132.39586   55  514  127.00000  135.99573  7.08%   369 2329s
 526008 314591  132.11958   55  496  127.00000  135.99131  7.08%   369 2337s
 527590 315484  132.13245   51  461  127.00000  135.98747  7.08%   369 2342s
 529275 316151     cutoff   58       127.00000  135.98244  7.07%   369 2349s
 530528 317546  132.83711   40  740  127.00000  135.98180  7.07%   369 2357s
 532937 318639     cutoff   59       127.00000  135.97495  7.07%   369 2363s
 534799 319695  133.36006   47  525  127.00000  135.96748  7.06%   369 2371s
 536640 320787  132.11993   51  541  127.00000  135.96254  7.06%   369 2376s
 538323 321794  130.60597   46  576  127.00000  135.95741  7.05%   369 2382s
 540086 322862  135.31280   46  552  127.00000  135.95376  7.05%   369 2387s
 541799 323778  132.78502   50  589  127.00000  135.94692  7.04%   369 2393s
 543489 324916  129.06092   46  637  127.00000  135.94260  7.04%   369 2398s
 545237 325848  131.11964   52  373  127.00000  135.93811  7.04%   368 2406s
 546847 326964  133.53706   43  763  127.00000  135.93361  7.03%   369 2411s
 548501 328028  133.72025   46  595  127.00000  135.92786  7.03%   368 2416s
 550110 329070  128.42386   58  468  127.00000  135.92402  7.03%   368 2423s
 551917 330101  128.41916   60  359  127.00000  135.91978  7.02%   368 2429s
 553646 331105  133.33727   48  533  127.00000  135.91506  7.02%   368 2434s
 555273 332149  134.52608   53  682  127.00000  135.91148  7.02%   368 2442s
 556902 333239  131.09535   66  633  127.00000  135.90703  7.01%   368 2447s
 558613 334164  130.08458   51  488  127.00000  135.90348  7.01%   368 2452s
 560175 335124  129.18879   48  430  127.00000  135.89711  7.01%   368 2457s
 561779 336209  130.12895   66  369  127.00000  135.89434  7.00%   368 2463s
 563435 336799  129.53008   39  483  127.00000  135.88929  7.00%   368 2468s
 564553 337814  133.30772   46  494  127.00000  135.88685  7.00%   368 2475s
 566218 338703  128.53258   65  503  127.00000  135.88163  6.99%   368 2481s
 567776 339681  129.70441   47  426  127.00000  135.87725  6.99%   368 2486s
 569363 340674  130.32951   54  647  127.00000  135.87420  6.99%   368 2492s
 571116 340925  135.25093   48  658  127.00000  135.87089  6.98%   367 2498s
 571578 343631  128.54723   59  442  127.00000  135.87087  6.98%   367 2520s
 576349 345008  129.24280   69  476  127.00000  135.86132  6.98%   367 2528s
 578696 346272  128.20517   71  506  127.00000  135.85308  6.97%   367 2535s
 580903 347444  128.34453   81  354  127.00000  135.84728  6.97%   367 2543s
 582840 348329  133.48124   53  555  127.00000  135.84383  6.96%   367 2549s
 584331 349499  128.98010   50  398  127.00000  135.84382  6.96%   367 2556s
 586258 350545  131.59031   55  470  127.00000  135.83342  6.96%   367 2562s
 588228 351582  132.33524   36  576  127.00000  135.82835  6.95%   367 2568s
 590080 352617  134.26847   40  471  127.00000  135.82324  6.95%   367 2574s
 591751 353732  128.13868   77  711  127.00000  135.82114  6.95%   367 2582s
 593654 354756  130.47455   59  397  127.00000  135.81350  6.94%   367 2587s
 595329 355768  128.01598   65  364  127.00000  135.80965  6.94%   367 2593s
 597023 356629  132.82881   36  767  127.00000  135.80662  6.93%   367 2598s
 598672 357565  129.16746   58  213  127.00000  135.80197  6.93%   366 2603s
 600187 358462  130.10808   47  594  127.00000  135.79847  6.93%   366 2608s
 601706 359593  129.71126   50  549  127.00000  135.79529  6.93%   366 2615s
 603480 360530  130.74773   53  515  127.00000  135.79120  6.92%   366 2620s
 605042 361374  130.99389   55  354  127.00000  135.78976  6.92%   366 2625s
 606577 362020  134.35861   46  544  127.00000  135.78505  6.92%   366 2630s
 607584 362888  128.72130   64  453  127.00000  135.78505  6.92%   366 2635s
 609156 363895  133.68407   48  489  127.00000  135.78036  6.91%   366 2640s
 610798 364950  132.10825   44  493  127.00000  135.77503  6.91%   366 2648s
 612459 366053  132.25677   54  582  127.00000  135.77057  6.91%   366 2655s
 614391 367039  131.29463   50  394  127.00000  135.76541  6.90%   366 2660s
 615983 368028  132.43784   47  475  127.00000  135.76227  6.90%   366 2665s
 617564 368972     cutoff   50       127.00000  135.75917  6.90%   366 2670s
 619194 369981  133.64574   52  514  127.00000  135.75431  6.89%   366 2676s
 620841 370976  133.42391   44  619  127.00000  135.75010  6.89%   366 2682s
 622463 371782  133.41770   43  536  127.00000  135.74589  6.89%   365 2687s
 623899 372659  128.23372   64  357  127.00000  135.74279  6.88%   366 2693s
 625504 373504  132.34825   56  485  127.00000  135.73968  6.88%   366 2698s
 627044 374503  134.65796   44  764  127.00000  135.73432  6.88%   365 2703s
 628801 375519  129.01385   49  461  127.00000  135.73015  6.87%   365 2708s
 630353 376421  130.18077   50  472  127.00000  135.72486  6.87%   365 2716s
 632031 377485  128.73319   71  551  127.00000  135.72132  6.87%   365 2721s
 633786 378589  131.66816   45  561  127.00000  135.71698  6.86%   365 2728s
 635636 379384  128.31786   72  377  127.00000  135.71329  6.86%   365 2733s
 637152 380175  128.41789   61  573  127.00000  135.70949  6.86%   365 2738s
 638427 381174  130.37341   56  657  127.00000  135.70766  6.86%   365 2744s
 640191 382206  131.68674   58  448  127.00000  135.70150  6.85%   365 2752s
 642001 383227  131.25629   62  497  127.00000  135.69727  6.85%   365 2757s
 643721 384176  129.79091   55  511  127.00000  135.69433  6.85%   365 2763s
 645417 385131  129.90284   61  493  127.00000  135.68953  6.84%   365 2768s
 647103 386030     cutoff   53       127.00000  135.68509  6.84%   364 2774s
 648844 386841  130.52128   67  559  127.00000  135.68098  6.84%   364 2779s
 650380 387925  128.69662   68  486  127.00000  135.67808  6.83%   364 2787s
 652066 388968  133.74656   67  669  127.00000  135.67426  6.83%   364 2792s
 653637 389972  128.92207   62  301  127.00000  135.67026  6.83%   364 2797s
 655242 390909     cutoff   72       127.00000  135.66594  6.82%   364 2804s
 656710 392184  134.92096   44  563  127.00000  135.66382  6.82%   364 2810s
 658820 393166  129.38844   61  504  127.00000  135.65879  6.82%   364 2818s
 660614 393972  128.10807   65  492  127.00000  135.65409  6.81%   364 2824s
 661884 395061  131.59114   61  489  127.00000  135.65341  6.81%   364 2829s
 663718 396114  131.47475   57  549  127.00000  135.64802  6.81%   364 2835s
 665426 397056  130.13134   57  389  127.00000  135.64493  6.81%   363 2840s
 667209 398033  131.44052   65  527  127.00000  135.63964  6.80%   363 2846s
 668910 399117  131.57873   52  368  127.00000  135.63579  6.80%   363 2853s
 670650 400236  129.38505   46  460  127.00000  135.63211  6.80%   363 2859s
 672413 401200  128.87296   53  264  127.00000  135.62985  6.80%   363 2864s
 674060 402061  131.62575   49  431  127.00000  135.62564  6.79%   363 2869s
 675713 403187  128.70665   62  533  127.00000  135.62086  6.79%   363 2875s
 677529 404227  133.69494   46  462  127.00000  135.61717  6.79%   363 2881s
 679258 405196  132.33908   38  768  127.00000  135.61253  6.78%   363 2888s
 680948 406102  134.02315   45  563  127.00000  135.60875  6.78%   363 2893s
 682427 407148  134.74983   48  392  127.00000  135.60545  6.78%   363 2898s
 684042 408144     cutoff   72       127.00000  135.60069  6.77%   363 2904s
 685698 409145  129.41512   68  384  127.00000  135.59743  6.77%   363 2909s
 687299 410077  131.88132   57  493  127.00000  135.59537  6.77%   363 2914s
 688857 410832  129.02717   65  348  127.00000  135.59165  6.77%   363 2919s
 690143 411820  128.58402   66  535  127.00000  135.59165  6.77%   362 2927s
 691859 412635  132.04142   53  358  127.00000  135.58631  6.76%   362 2932s
 693387 413495  131.83371   52  547  127.00000  135.58284  6.76%   362 2938s
 695025 414505  130.44399   62  541  127.00000  135.57995  6.76%   362 2944s
 696921 415143  131.86189   55  550  127.00000  135.57560  6.75%   362 2951s
 697923 415852  129.44053   59  552  127.00000  135.57515  6.75%   362 2962s
 699248 417494  128.73962   60  306  127.00000  135.57310  6.75%   362 2973s
 702265 418601  133.03094   42  517  127.00000  135.56572  6.74%   362 2980s
 704020 419857  131.92296   55  512  127.00000  135.56383  6.74%   362 2987s
 706274 421092  130.77844   52  559  127.00000  135.55743  6.74%   362 2996s
 708394 422194  130.16978   57  291  127.00000  135.55276  6.73%   362 3003s
 710396 423382  128.45905   64  550  127.00000  135.55014  6.73%   362 3009s
 712381 424510  132.87347   54  479  127.00000  135.54488  6.73%   362 3015s
 714219 425673  131.84615   58  715  127.00000  135.54007  6.72%   362 3021s
 716078 426648  128.79734   61  506  127.00000  135.53638  6.72%   362 3029s
 717878 427677  132.15027   51  518  127.00000  135.53376  6.72%   362 3035s
 719789 428641  131.88593   57  640  127.00000  135.52940  6.72%   362 3040s
 721340 429484  130.43694   60  460  127.00000  135.52577  6.71%   362 3045s
 722932 430260     cutoff   49       127.00000  135.52260  6.71%   362 3050s
 724547 431174  130.17174   56  525  127.00000  135.52014  6.71%   362 3056s
 726185 432063  129.93819   48  298  127.00000  135.51788  6.71%   362 3063s
 727851 433068  128.17024   82  499  127.00000  135.51456  6.70%   361 3069s
 729465 433942  130.07604   58  474  127.00000  135.50951  6.70%   361 3074s
 731058 434659  133.83229   49  610  127.00000  135.50708  6.70%   361 3079s
 732389 435702  133.17833   61  626  127.00000  135.50552  6.70%   361 3084s
 734137 436718  131.50629   54  460  127.00000  135.50169  6.69%   361 3089s
 735867 437461     cutoff   68       127.00000  135.49735  6.69%   361 3097s
 737508 438062  128.00737   69  519  127.00000  135.49583  6.69%   361 3102s
 738500 438906  131.36994   63  578  127.00000  135.49481  6.69%   361 3109s
 740626 439669  131.69582   53  430  127.00000  135.49254  6.69%   361 3113s
 742002 440597  130.94073   59  757  127.00000  135.48889  6.68%   361 3118s
 743554 441559  133.52909   41  424  127.00000  135.48575  6.68%   361 3123s
 745106 442400  133.04820   45  560  127.00000  135.48298  6.68%   361 3130s
 746630 443212  132.56138   50  433  127.00000  135.47924  6.68%   361 3135s
 748152 443914  132.94384   54  478  127.00000  135.47599  6.67%   361 3140s
 749492 444592     cutoff   63       127.00000  135.47404  6.67%   361 3145s
 751291 445500  132.42284   48  389  127.00000  135.47080  6.67%   361 3150s
 752932 446310  131.09862   48  485  127.00000  135.46731  6.67%   361 3155s
 754453 447250  128.99614   57  571  127.00000  135.46347  6.66%   361 3160s
 756228 448258  132.81235   53  415  127.00000  135.46066  6.66%   361 3168s
 757839 449061  133.36754   55  608  127.00000  135.45748  6.66%   361 3173s
 759508 450012     cutoff   52       127.00000  135.45535  6.66%   361 3179s
 761210 451003  132.59880   60  556  127.00000  135.45172  6.65%   361 3185s
 762928 452007  131.51033   49  565  127.00000  135.44740  6.65%   360 3190s
 764578 452881  132.90176   54  487  127.00000  135.44323  6.65%   360 3198s
 766024 453827  129.69145   65  525  127.00000  135.44309  6.65%   360 3203s
 767741 454858  131.19118   59  486  127.00000  135.43733  6.64%   360 3209s
 769617 455804     cutoff   52       127.00000  135.43405  6.64%   360 3214s
 771306 456828  128.57368   69  502  127.00000  135.43117  6.64%   360 3219s
 773002 457758  131.34833   58  458  127.00000  135.42784  6.64%   360 3224s
 774654 458854  130.60178   54  331  127.00000  135.42431  6.63%   360 3232s
 776306 459887  129.94854   57  417  127.00000  135.42153  6.63%   360 3237s
 778148 460796  128.97395   81  565  127.00000  135.41965  6.63%   360 3242s
 779756 461778     cutoff   48       127.00000  135.41582  6.63%   360 3247s
 781493 462931  129.86391   56  494  127.00000  135.41320  6.62%   360 3254s
 783339 463841  131.47010   51  374  127.00000  135.40975  6.62%   359 3259s
 784744 464651  131.34147   53  508  127.00000  135.40819  6.62%   359 3267s
 786536 465616  132.63646   44  460  127.00000  135.40439  6.62%   359 3272s
 788284 466548  132.35327   50  489  127.00000  135.40138  6.62%   359 3277s
 789871 467438  130.41297   64  587  127.00000  135.39801  6.61%   359 3282s
 791513 468430  132.47112   54  469  127.00000  135.39622  6.61%   359 3287s
 793137 469445  130.29940   57  275  127.00000  135.39252  6.61%   359 3292s
 794796 470617  130.47150   56  510  127.00000  135.38928  6.61%   359 3298s
 796546 471225  129.64852   70  587  127.00000  135.38640  6.60%   359 3305s
 797680 472222  128.47313   56  524  127.00000  135.38599  6.60%   359 3310s
 799359 473150  132.56485   53  419  127.00000  135.37980  6.60%   359 3315s
 801067 473974  129.56068   56  510  127.00000  135.37683  6.60%   359 3321s
 802517 474482     cutoff   67       127.00000  135.37387  6.59%   359 3327s
 803290 476040  132.75922   52  505  127.00000  135.37361  6.59%   359 3341s
 805989 477573  131.77035   50  492  127.00000  135.36965  6.59%   359 3349s
 808577 478775  131.77226   57  566  127.00000  135.36333  6.59%   358 3355s
 810701 479653     cutoff   70       127.00000  135.35903  6.58%   358 3362s
 812558 480770  129.76821   51  395  127.00000  135.35593  6.58%   358 3370s
 814852 481716  129.91910   65  542  127.00000  135.35442  6.58%   358 3376s
 816582 482606  131.84194   44  482  127.00000  135.35066  6.58%   358 3382s
 818385 483509  131.19404   54  536  127.00000  135.34792  6.57%   358 3387s
 819983 484403  129.23221   59  312  127.00000  135.34392  6.57%   358 3393s
 821699 485309     cutoff   67       127.00000  135.34141  6.57%   358 3398s
 823511 486305     cutoff   56       127.00000  135.33730  6.56%   358 3407s
 825289 487190  132.73446   36  572  127.00000  135.33318  6.56%   358 3413s
 826993 488128  132.76162   53  457  127.00000  135.33032  6.56%   358 3418s
 828597 489061  129.97032   57  431  127.00000  135.32917  6.56%   358 3423s
 830199 490010     cutoff   53       127.00000  135.32551  6.56%   358 3428s
 831824 490905     cutoff   62       127.00000  135.32189  6.55%   358 3433s
 833541 491725  132.29537   48  525  127.00000  135.31873  6.55%   358 3441s
 834933 492790  133.72381   53  536  127.00000  135.31828  6.55%   358 3446s
 836680 493905  133.70374   44  520  127.00000  135.31382  6.55%   358 3451s
 838456 494939  132.73715   54  466  127.00000  135.31091  6.54%   358 3456s
 840116 495998  131.93968   57  473  127.00000  135.30727  6.54%   357 3461s
 841775 496955  133.27142   38  495  127.00000  135.30428  6.54%   357 3466s
 843391 497836  128.42088   68  737  127.00000  135.30185  6.54%   357 3474s
 844959 498896  128.88789   64  476  127.00000  135.29893  6.53%   357 3480s
 846898 499856  131.68195   55  342  127.00000  135.29537  6.53%   357 3485s
 848502 500662  133.50709   47  577  127.00000  135.29219  6.53%   357 3490s
 850261 501551  133.64572   39  353  127.00000  135.28985  6.53%   357 3495s
 851800 502287  133.08646   49  452  127.00000  135.28777  6.53%   357 3500s
 854511 504138  129.81513   55  465  127.00000  135.28340  6.52%   357 3512s
 856163 505123  131.51597   48  624  127.00000  135.28064  6.52%   357 3517s
 857807 505838  132.07122   61  584  127.00000  135.27848  6.52%   357 3522s
 859086 506803  131.94351   47  479  127.00000  135.27605  6.52%   357 3527s
 860745 507631  131.14592   59  640  127.00000  135.27343  6.51%   357 3532s
 862354 508618  131.98907   59  556  127.00000  135.27091  6.51%   357 3537s
 864008 509683  132.48433   38  332  127.00000  135.26902  6.51%   357 3545s
 865682 510492  128.79234   60  479  127.00000  135.26594  6.51%   357 3551s
 867248 511657  128.27543   71  330  127.00000  135.26457  6.51%   357 3557s
 869234 512662  131.89543   57  581  127.00000  135.26033  6.50%   357 3562s
 870986 512699  132.71376   51  624  127.00000  135.25716  6.50%   357 3568s
 871065 512999  132.41287   52  612  127.00000  135.25706  6.50%   357 3573s
 871552 513656  132.71651   56  595  127.00000  135.25654  6.50%   357 3581s
 872627 514422     cutoff   62       127.00000  135.25638  6.50%   357 3587s
 874186 515527     cutoff   44       127.00000  135.25519  6.50%   357 3593s
 876171 516509  134.71865   47  684  127.00000  135.24887  6.50%   356 3599s
 878052 516508     cutoff   55       127.00000  135.24632  6.49%   357 3600s

Cutting planes:
  Gomory: 62
  Cover: 656
  Implied bound: 157
  Dual implied bound: 69
  Clique: 7
  MIR: 344
  StrongCG: 143
  Flow cover: 304
  GUB cover: 53
  Zero half: 21
  Mod-K: 35
  RLT: 427
  Relax-and-lift: 3
  BQP: 5

Explored 878053 nodes (313069882 simplex iterations) in 3600.01 seconds (8422.77 work units)
Thread count was 16 (of 16 available processors)

Solution count 5: 127 126 125 ... 123

Time limit reached
Best objective 1.270000000000e+02, best bound 1.350000000000e+02, gap 6.2992%
