
Gurobi 13.0.3 (linux64) logging started Sun Sep 13 04:44:36 2026

Set parameter LogFile to value "Logs/Gurobi/dags_040_s1.txt"
Gurobi Optimizer version 13.0.3 build v13.0.3rc0 (linux64 - "Ubuntu 24.04.4 LTS")

CPU model: AMD Ryzen 7 7700 8-Core Processor, instruction set [SSE2|AVX|AVX2|AVX512]
Thread count: 8 physical cores, 16 logical processors, using up to 16 threads

Non-default parameters:
TimeLimit  3600
LogToConsole  0

Academic license 2863599 - for non-commercial use only - registered to be___@usm.cl
Optimize a model with 6032 rows, 3447 columns and 13302 nonzeros (Max)
Model fingerprint: 0x66ebb366
Model has 2992 linear objective coefficients
Variable types: 2992 continuous, 455 integer (455 binary)
Coefficient statistics:
  Matrix range     [1e+00, 5e+01]
  Objective range  [1e+00, 8e+01]
  Bounds range     [1e+00, 1e+00]
  RHS range        [1e+00, 1e+00]

Warning: Completing partial solution with 415 unfixed non-continuous variables out of 455
User MIP start produced solution with objective 765 (0.00s)
Loaded user MIP start with objective 765

Presolve removed 161 rows and 82 columns
Presolve time: 0.03s
Presolved: 5871 rows, 3365 columns, 12958 nonzeros
Variable types: 2913 continuous, 452 integer (452 binary)

Root relaxation: objective 3.613166e+03, 7271 iterations, 0.20 seconds (0.50 work units)

    Nodes    |    Current Node    |     Objective Bounds      |     Work
 Expl Unexpl |  Obj  Depth IntInf | Incumbent    BestBd   Gap | It/Node Time

     0     0 3613.16612    0  296  765.00000 3613.16612   372%     -    0s
     0     0 2088.13961    0  179  765.00000 2088.13961   173%     -    1s
     0     0 2042.63374    0  171  765.00000 2042.63374   167%     -    2s
     0     0 2041.87030    0  174  765.00000 2041.87030   167%     -    2s
     0     0 1097.34559    0  227  765.00000 1097.34559  43.4%     -    2s
H    0     0                     792.0000000 1071.68721  35.3%     -    3s
H    0     0                     793.0000000 1071.68721  35.1%     -    3s
     0     0 1071.68721    0  214  793.00000 1071.68721  35.1%     -    3s
     0     0 1070.02410    0  216  793.00000 1070.02410  34.9%     -    3s
     0     0 1069.99618    0  211  793.00000 1069.99618  34.9%     -    3s
     0     0 1027.01806    0  254  793.00000 1027.01806  29.5%     -    3s
H    0     0                     800.0000000 1027.00240  28.4%     -    3s
H    0     0                     820.0000000 1016.54240  24.0%     -    3s
H    0     0                     821.0000000 1016.54240  23.8%     -    3s
H    0     0                     823.0000000 1016.54240  23.5%     -    3s
     0     0 1016.54240    0  273  823.00000 1016.54240  23.5%     -    3s
     0     0 1015.69113    0  253  823.00000 1015.69113  23.4%     -    3s
     0     0 1006.73768    0  278  823.00000 1006.73768  22.3%     -    4s
     0     0 1005.07066    0  256  823.00000 1005.07066  22.1%     -    4s
     0     0 1003.05990    0  252  823.00000 1003.05990  21.9%     -    4s
     0     0 1003.05777    0  252  823.00000 1003.05777  21.9%     -    4s
     0     0 1003.05777    0  248  823.00000 1003.05777  21.9%     -    4s
     0     2 1003.05511    0  246  823.00000 1003.05511  21.9%     -    5s
H   15    24                     830.0000000  992.41418  19.6%   926    5s
H   16    24                     831.0000000  992.41418  19.4%   899    5s
H   25    40                     834.0000000  992.36111  19.0%   756    6s
H  473   473                     835.0000000  992.36111  18.8%   330    8s
H  602   565                     871.0000000  992.36111  13.9%   306    8s
   970   868  929.36892   50  120  871.00000  990.36451  13.7%   285   10s
H 1202  1038                     881.0000000  989.61744  12.3%   301   11s
  1553  1346  911.02412   27  297  881.00000  989.61744  12.3%   285   21s
  1555  1348  952.86023   26  177  881.00000  989.61744  12.3%   285   25s
  1564  1354  927.61163   40  273  881.00000  983.00598  11.6%   283   30s
  1574  1360  918.10541   47  313  881.00000  974.90901  10.7%   281   35s
  1593  1373  946.38023   36  322  881.00000  971.03451  10.2%   278   40s
  1601  1387  968.54888   18  325  881.00000  971.03451  10.2%   317   45s
  1740  1505  957.63924   25  271  881.00000  971.03451  10.2%   386   50s
  1868  1589  954.80932   29  233  881.00000  971.03451  10.2%   410   55s
  2075  1696  939.18172   34  190  881.00000  971.03451  10.2%   431   60s
  2548  2035  926.79603   41  202  881.00000  970.38104  10.1%   438   65s
  3281  2274  901.78500   59  151  881.00000  968.47409  9.93%   423   70s
  4151  2736     cutoff   62       881.00000  966.64155  9.72%   400   75s
  5104  3117  932.45287   23  229  881.00000  966.31456  9.68%   383   80s
  6145  3788  948.50744   24  192  881.00000  966.31456  9.68%   370   85s
  6573  3965  934.50660   32  144  881.00000  966.31456  9.68%   366   91s
  7289  4635  938.40070   36  186  881.00000  966.31456  9.68%   357   96s
  8359  5553  933.15261   26  136  881.00000  965.58984  9.60%   349  100s
  9905  6903  945.00128   26  185  881.00000  961.09790  9.09%   337  105s
 11637  8103  945.47846   30  185  881.00000  958.43603  8.79%   329  111s
 12667  8776  895.86271   44  111  881.00000  958.02636  8.74%   328  115s
 14393  9975  953.73037   29  247  881.00000  957.02391  8.63%   330  123s
 15150 10021  921.37608   31  124  881.00000  957.02391  8.63%   329  126s
 15985 10910  882.76260   34  107  881.00000  956.28573  8.55%   326  131s
 17718 12106  899.72572   48   71  881.00000  955.81695  8.49%   322  135s
 19469 13457  914.31714   50  157  881.00000  955.35254  8.44%   319  140s
 21252 15011  907.83096   54  134  881.00000  954.82240  8.38%   316  146s
 23244 16373  920.76741   39  145  881.00000  953.85459  8.27%   313  151s
 25073 17684  940.85193   32  154  881.00000  952.88140  8.16%   312  159s
 26059 18531  925.02972   37  143  881.00000  952.50517  8.12%   312  163s
 27184 19183  932.97103   25  182  881.00000  952.36522  8.10%   310  166s
 29286 20953  913.08645   33  149  881.00000  951.90585  8.05%   309  172s
 30555 21707  907.34997   51  159  881.00000  951.69378  8.02%   307  175s
 32656 23053  932.83745   37  173  881.00000  950.98000  7.94%   308  183s
 33829 24030  913.15101   40  163  881.00000  950.68713  7.91%   309  187s
 35371 25009  930.97291   37  159  881.00000  950.45489  7.88%   307  193s
 36885 26178  926.60472   42  145  881.00000  950.18132  7.85%   307  198s
 38608 27611  889.77063   47  155  881.00000  950.07626  7.84%   304  202s
 40535 28600  923.01933   33  128  881.00000  949.56917  7.78%   301  206s
 42103 28601  892.76114   47  248  881.00000  949.31731  7.75%   301  253s
 42105 28602  895.80097   74  297  881.00000  949.31731  7.75%   301  274s
 42106 28603  937.68317   43  204  881.00000  949.31731  7.75%   301  276s
 42112 28607  900.72340   38  261  881.00000  949.31731  7.75%   301  280s
 42120 28612  900.39573   44  275  881.00000  949.31731  7.75%   301  286s
 42126 28616  933.87914   34  300  881.00000  949.31731  7.75%   301  292s
 42128 28618  907.64443   41  310  881.00000  949.31731  7.75%   301  297s
 42129 28618  947.32619   41  300  881.00000  949.31731  7.75%   301  300s
 42133 28621  932.27757   59  318  881.00000  949.31731  7.75%   301  306s
 42137 28624  921.90615   46  318  881.00000  949.31731  7.75%   301  311s
 42139 28625  899.34090   44  318  881.00000  949.31731  7.75%   301  316s
 42141 28626  913.52919   35  330  881.00000  949.31731  7.75%   301  321s
 42143 28628  907.25575   51  319  881.00000  949.31731  7.75%   301  326s
 42144 28628  901.65741   70  320  881.00000  949.31731  7.75%   301  332s
 42146 28630  897.73941   77  319  881.00000  949.31731  7.75%   301  337s
 42148 28631  894.47205   59  331  881.00000  949.31731  7.75%   301  341s
 42150 28632  912.92057   43  328  881.00000  949.31731  7.75%   301  346s
 42152 28634  947.66879   39  323  881.00000  949.31731  7.75%   301  352s
 42154 28635  939.16559   42  334  881.00000  949.31731  7.75%   301  357s
 42156 28636  946.58586   29  324  881.00000  949.31731  7.75%   301  361s
 42157 28637  925.15102   46  323  881.00000  949.31731  7.75%   301  366s
 42159 28638  914.36378   49  321  881.00000  949.31731  7.75%   301  370s
 42161 28640  920.15154   39  322  881.00000  949.31731  7.75%   301  377s
 42162 28640  915.00118   50  322  881.00000  949.31731  7.75%   301  380s
 42166 28648  949.31731   30  304  881.00000  949.31731  7.75%   302  385s
 42275 28735  949.31731   36  264  881.00000  949.31731  7.75%   305  391s
 42418 28833  927.53098   43  192  881.00000  949.31731  7.75%   307  395s
 42537 28937  938.24286   47  200  881.00000  949.31731  7.75%   307  400s
 43116 29216  926.08597   57  139  881.00000  949.31731  7.75%   309  405s
 44132 29780  937.61732   38  241  881.00000  949.31731  7.75%   310  410s
 45618 30377  929.84890   45  252  881.00000  949.31731  7.75%   310  415s
 47115 30893  905.15421   43  177  881.00000  949.31731  7.75%   311  420s
 47940 31399  892.21344   87  126  881.00000  949.31731  7.75%   312  425s
 49413 32028  901.60737   94   99  881.00000  949.31731  7.75%   313  431s
 50117 32444  938.16344   40  165  881.00000  949.31731  7.75%   314  435s
 51507 32874  942.64508   44  176  881.00000  949.31731  7.75%   314  440s
 53237 33542  904.93684   58  143  881.00000  949.31731  7.75%   314  445s
 55038 33961     cutoff   49       881.00000  949.31731  7.75%   314  450s
 56980 34890  918.19474   52  128  881.00000  949.31731  7.75%   315  456s
 58515 35430  895.20467   43  175  881.00000  949.31731  7.75%   315  460s
 60214 36331  945.22738   37  175  881.00000  948.83223  7.70%   315  465s
 62125 36978  938.59529   46  197  881.00000  948.54217  7.67%   315  471s
 63983 37726  941.02390   49  191  881.00000  947.86851  7.59%   315  476s
 65983 38563  914.35537   64  146  881.00000  947.62543  7.56%   315  481s
 68089 39496  907.08979   52  166  881.00000  946.97378  7.49%   315  486s
 70645 40644  927.20485   56  194  881.00000  946.62216  7.45%   313  492s
 71893 41035  905.08887   44  209  881.00000  946.47253  7.43%   313  496s
 74263 41805  923.77026   53  172  881.00000  945.83770  7.36%   313  505s
 76799 43016  907.86999   70   94  881.00000  945.23123  7.29%   313  512s
 78296 43522  936.02257   46  175  881.00000  944.98748  7.26%   313  515s
 81556 44772  910.80748   46  164  881.00000  944.49907  7.21%   312  523s
 83395 45508  917.06517   55  150  881.00000  944.11747  7.16%   311  527s
 85369 45893     cutoff   74       881.00000  943.84538  7.13%   311  531s
 86989 46491  912.76912   42  154  881.00000  943.70890  7.12%   310  537s
 88591 47278  892.09766   80  172  881.00000  943.41372  7.08%   310  541s
 90481 47732  921.13021   58  173  881.00000  943.08676  7.05%   309  545s
 93785 48957  924.81016   52  137  881.00000  942.64083  7.00%   308  552s
 95294 49124  923.60620   44  217  881.00000  942.39167  6.97%   308  557s
 96242 50033  912.32174   49  201  881.00000  942.38524  6.97%   308  560s
 99840 51575  939.09849   52  244  881.00000  941.85209  6.91%   307  571s
 101851 51182  927.99998   39  274  881.00000  941.68238  6.89%   306  575s
 103188 52197  909.85190   41  227  881.00000  941.56767  6.87%   306  584s
 104222 52785  909.16191   42  228  881.00000  941.48418  6.87%   306  588s
 105606 53868  906.58801   43  223  881.00000  941.40816  6.86%   306  594s
 107779 54102  905.67934   44  202  881.00000  941.24540  6.84%   305  599s
 109337 54887  903.72904   45  225  881.00000  940.97018  6.81%   305  605s
 111228 55645  902.49868   46  205  881.00000  940.79360  6.79%   305  610s
 114948 56812  933.75443   49  145  881.00000  940.39028  6.74%   304  618s
 117106 57378  913.56500   56   84  881.00000  940.17207  6.72%   303  622s
 118967 58186  915.19650   58   89  881.00000  940.02931  6.70%   303  626s
 121026 58703  933.69438   45  152  881.00000  939.84624  6.68%   302  630s
 124480 60078  901.13539   60  138  881.00000  939.65298  6.66%   301  640s
 128742 61359  904.64514   47   92  881.00000  939.43082  6.63%   299  647s
 130092 62324  920.29119   44  156  881.00000  939.32275  6.62%   299  650s
 132060 63517     cutoff   77       881.00000  939.19868  6.61%   299  657s
 133595 64544  928.11185   42  158  881.00000  939.08566  6.59%   298  661s
 134993 65867     cutoff   74       881.00000  939.00849  6.58%   298  665s
 138438 68061  883.84994   68  148  881.00000  938.79310  6.56%   297  674s
 140118 69289  917.04102   48  177  881.00000  938.64024  6.54%   297  678s
 141900 70339  920.75492   61   84  881.00000  938.59801  6.54%   296  681s
 143423 71432  919.70150   55  113  881.00000  938.44141  6.52%   296  685s
 146914 73933  918.11706   50  169  881.00000  938.25413  6.50%   295  693s
 149468 74677  887.16822   51  145  881.00000  938.19085  6.49%   294  695s
 152145 76666  898.72880   62   65  881.00000  938.03008  6.47%   294  701s
 153712 77670  932.28598   52  167  881.00000  937.89344  6.46%   294  705s
 155178 78636  936.82101   42  226  881.00000  937.81807  6.45%   293  710s
 157969 80735  922.31725   54  155  881.00000  937.64450  6.43%   293  716s
 159669 81967  913.30632   51  171  881.00000  937.54486  6.42%   293  720s
 163019 84164  917.28591   63  115  881.00000  937.37915  6.40%   292  726s
 166048 86257  898.01617   71   44  881.00000  937.22196  6.38%   291  733s
 167885 87436  920.43548   56  161  881.00000  937.10063  6.37%   291  737s
 169715 88859  905.56861   52  145  881.00000  937.02721  6.36%   291  743s
 171730 89411  925.21132   44  210  881.00000  936.90287  6.35%   290  746s
 172527 90676  908.87699   56  153  881.00000  936.87857  6.34%   290  750s
 176076 92761  917.09815   42  145  881.00000  936.67206  6.32%   289  757s
 177675 93857  913.29480   49  201  881.00000  936.64306  6.32%   289  761s
 180996 96370  902.33131   73   85  881.00000  936.43499  6.29%   289  768s
 183094 97463  919.44797   48  121  881.00000  936.35183  6.28%   288  772s
 184784 98507  895.80759   74   79  881.00000  936.25784  6.27%   288  777s
 186713 99429  912.39911   51  214  881.00000  936.16367  6.26%   288  780s
 190011 102093  886.85817   69   40  881.00000  935.99066  6.24%   287  788s
 192123 103164  898.32522   79   83  881.00000  935.89955  6.23%   287  791s
 195248 105119  927.43681   45  153  881.00000  935.74371  6.21%   286  797s
 196726 106222  925.63115   49   89  881.00000  935.68082  6.21%   286  801s
 199902 108367  913.35012   52  184  881.00000  935.51587  6.19%   285  807s
 201528 109359  904.88753   49  199  881.00000  935.46726  6.18%   285  813s
 203259 110430  899.80691   56  114  881.00000  935.36815  6.17%   285  816s
 206762 112351  926.39539   51  180  881.00000  935.22059  6.15%   284  822s
 208406 113252  903.52214   55  185  881.00000  935.16106  6.15%   284  826s
 211494 115590  915.20303   56  193  881.00000  935.03249  6.13%   283  833s
 213598 116578  883.70297   81   51  881.00000  934.96652  6.13%   283  836s
 217058 118749  910.31804   56  137  881.00000  934.79761  6.11%   282  842s
 218648 119605  905.07354   76  160  881.00000  934.73498  6.10%   282  847s
 219998 120655  891.95897   75   79  881.00000  934.68309  6.09%   282  850s
 223015 122683  907.85881   63   58  881.00000  934.55457  6.08%   281  856s
 225913 124577  888.19654   81   44  881.00000  934.41424  6.06%   281  862s
 227561 125812  917.77126   61   84  881.00000  934.32429  6.05%   281  866s
 231025 127908  883.01360   68  166  881.00000  934.19910  6.04%   281  873s
 232987 129005  891.22887   57  122  881.00000  934.18049  6.04%   280  877s
 234905 130106  899.61205   81   99  881.00000  934.10945  6.03%   280  882s
 236596 131076  920.91353   49  166  881.00000  934.02116  6.02%   280  885s
 239900 133169  926.12888   49  224  881.00000  933.90932  6.01%   280  892s
 241353 134121  900.92738   61   90  881.00000  933.84800  6.00%   279  895s
 244558 136169  883.71428   82  172  881.00000  933.76115  5.99%   279  902s
 246153 137353  912.82721   60  163  881.00000  933.66060  5.98%   279  905s
 249618 139387  895.83149   45  111  881.00000  933.51539  5.96%   279  912s
 251420 140355  883.07190   92   82  881.00000  933.43688  5.95%   278  917s
 252924 141446  905.42445   55  129  881.00000  933.40164  5.95%   278  921s
 254570 142615  916.21223   54  228  881.00000  933.33164  5.94%   278  925s
 258128 144646  922.07214   49   92  881.00000  933.22501  5.93%   277  932s
 259621 145633  889.94767   47  139  881.00000  933.16315  5.92%   277  935s
 263426 146973  911.40295   49  217  881.00000  933.03903  5.91%   277  942s
 263657 147391  909.96190   50  207  881.00000  933.03903  5.91%   277  945s
 264324 148093  931.50180   56   92  881.00000  933.00473  5.90%   277  950s
 267306 150319  901.42870   74  113  881.00000  932.90581  5.89%   276  957s
 269204 151454  906.52206   58  148  881.00000  932.84426  5.88%   276  961s
 272840 153951     cutoff   78       881.00000  932.73558  5.87%   275  968s
 275059 154992  912.89357   66   58  881.00000  932.64753  5.86%   275  972s
 276987 155953  923.58913   55   71  881.00000  932.59731  5.86%   275  975s
 280312 157805  913.40724   59  111  881.00000  932.49403  5.84%   275  984s
 282043 158879  921.34751   47  164  881.00000  932.45993  5.84%   274  987s
 283785 160048  927.81013   49  162  881.00000  932.39595  5.83%   274  990s
 287505 162178  919.67064   53  121  881.00000  932.31508  5.82%   273  996s
 290932 164196  924.32808   56  148  881.00000  932.23584  5.82%   273 1002s
 292374 165182  892.15859   52  152  881.00000  932.19398  5.81%   273 1005s
 295543 167316  920.98305   50  163  881.00000  932.07538  5.80%   272 1012s
 297462 168216  916.57432   56  176  881.00000  932.03041  5.79%   272 1015s
 298950 169507  897.42314   64   75  881.00000  931.96651  5.79%   272 1020s
 302637 171700  909.29112   57   72  881.00000  931.87744  5.77%   271 1027s
 304332 172659  911.73501   53  135  881.00000  931.83627  5.77%   271 1030s
 307761 174850  925.43010   53  176  881.00000  931.74733  5.76%   271 1036s
 310865 176553  907.56528   36  204  881.00000  931.66889  5.75%   270 1042s
 312591 177646  903.47658   60  116  881.00000  931.62038  5.75%   270 1045s
 316081 179858  902.63576   65   99  881.00000  931.55971  5.74%   270 1053s
 317852 180957  922.99614   44  121  881.00000  931.50130  5.73%   269 1057s
 319627 182129  913.42212   45  139  881.00000  931.45845  5.73%   269 1060s
 323337 184018  886.60278   53   78  881.00000  931.37062  5.72%   269 1066s
 324861 185022  920.09041   61  119  881.00000  931.34177  5.71%   269 1070s
 328120 187109  913.40209   48  206  881.00000  931.22657  5.70%   269 1076s
 331535 189313  907.00056   51  170  881.00000  931.13454  5.69%   268 1082s
 333292 190283  912.91170   49   99  881.00000  931.09438  5.69%   268 1087s
 335039 191271  910.79369   48  227  881.00000  931.05412  5.68%   268 1090s
 338705 193585  911.84053   51  153  881.00000  930.97195  5.67%   267 1097s
 340142 194752  903.07097   66  217  881.00000  930.93718  5.67%   267 1100s
 343354 196642  907.79605   45  241  881.00000  930.87453  5.66%   267 1106s
 346434 198464  883.28957   60  127  881.00000  930.79946  5.65%   267 1112s
 348177 199449  925.52769   51  247  881.00000  930.75815  5.65%   267 1115s
 351572 201637  910.15850   41  169  881.00000  930.66926  5.64%   266 1124s
 353470 202611  920.09467   56  126  881.00000  930.64129  5.63%   266 1127s
 355126 203556     cutoff   57       881.00000  930.59917  5.63%   266 1130s
 358335 205847  913.18308   60  124  881.00000  930.53250  5.62%   265 1137s
 360197 206799  909.00053   68  136  881.00000  930.47984  5.62%   265 1140s
 364103 208853  916.73768   51  146  881.00000  930.40224  5.61%   265 1146s
 367507 210595  885.69404   55  143  881.00000  930.33082  5.60%   264 1151s
 369321 211362     cutoff   74       881.00000  930.29871  5.60%   264 1156s
 372484 213227  915.01650   61  154  881.00000  930.22204  5.59%   264 1162s
 374183 214164  890.53713   59  131  881.00000  930.19003  5.58%   264 1165s
 377553 216008  922.86301   42  121  881.00000  930.12696  5.58%   263 1170s
 381401 217812  914.45719   46  180  881.00000  930.06151  5.57%   263 1177s
 382745 218540  889.75837   70   95  881.00000  930.04109  5.57%   263 1180s
 385086 220004     cutoff   44       881.00000  930.03257  5.57%   263 1186s
 386733 220941     cutoff   45       881.00000  929.98753  5.56%   262 1192s
 388390 221995  893.22267   63  130  881.00000  929.96547  5.56%   262 1196s
 391733 223724  886.89462   65   87  881.00000  929.90916  5.55%   262 1202s
 393186 224872  911.62506   43  194  881.00000  929.81658  5.54%   262 1206s
 396980 227068  883.86023   63   95  881.00000  929.74572  5.53%   261 1213s
 398832 228260  916.16465   63  140  881.00000  929.70047  5.53%   261 1216s
 402933 230381  915.34389   57  131  881.00000  929.62593  5.52%   261 1225s
 406178 232046  883.36837   48   91  881.00000  929.56905  5.51%   260 1230s
 409378 234052  888.00551   53  162  881.00000  929.50583  5.51%   260 1236s
 412618 235938  910.47599   47  170  881.00000  929.44289  5.50%   260 1242s
 414325 236855  908.07089   54  208  881.00000  929.41248  5.50%   260 1245s
 417146 238807  915.53279   57   88  881.00000  929.37065  5.49%   259 1251s
 420678 240982  907.41544   42  210  881.00000  929.30066  5.48%   259 1259s
 422623 242393  907.05895   53   76  881.00000  929.27873  5.48%   259 1263s
 424776 243300  905.00571   52  172  881.00000  929.24651  5.48%   258 1265s
 427972 245366  901.78427   65  212  881.00000  929.20826  5.47%   258 1271s
 430941 247075  904.62082   50   82  881.00000  929.16384  5.47%   258 1276s
 434209 249275  913.59874   55  101  881.00000  929.11501  5.46%   258 1282s
 436025 250216  923.51937   44  117  881.00000  929.08303  5.46%   258 1285s
 439437 252413  903.09221   48  134  881.00000  929.03931  5.45%   257 1291s
 441256 253360     cutoff   58       881.00000  928.99991  5.45%   257 1296s
 443350 254885  889.24456   79   58  881.00000  928.96209  5.44%   257 1303s
 445262 256074  908.33667   40  123  881.00000  928.93859  5.44%   257 1306s
 448877 258107  921.21338   61   97  881.00000  928.88007  5.43%   256 1312s
 450355 259253  917.44650   58  139  881.00000  928.86075  5.43%   256 1315s
 453835 261054     cutoff   86       881.00000  928.79999  5.43%   256 1320s
 456880 262914  912.49076   40  167  881.00000  928.76543  5.42%   256 1329s
 458361 263841  905.29627   49  155  881.00000  928.74293  5.42%   256 1332s
 459917 264885  915.78652   50  109  881.00000  928.70645  5.42%   256 1335s
 463524 267146  900.45218   66  120  881.00000  928.64669  5.41%   255 1341s
 467099 269226  893.10840   57   36  881.00000  928.58992  5.40%   255 1347s
 468788 270116  912.59418   52   94  881.00000  928.55518  5.40%   255 1350s
 471901 271946  924.37679   61  130  881.00000  928.50255  5.39%   255 1355s
 475182 273925     cutoff   46       881.00000  928.44872  5.39%   254 1363s
 477019 274942  912.97621   57  109  881.00000  928.42465  5.38%   254 1367s
 480818 276971  891.29561   75   83  881.00000  928.38639  5.38%   254 1372s
 482457 277837  899.69755   56  169  881.00000  928.37961  5.38%   254 1375s
 485602 279839  916.31629   61  159  881.00000  928.32787  5.37%   253 1381s
 489536 281664  897.67841   63   73  881.00000  928.27035  5.37%   253 1386s
 492305 283217  900.11912   58   82  881.00000  928.22557  5.36%   253 1392s
 495327 285209  918.11440   58  157  881.00000  928.18617  5.36%   253 1400s
 498601 287051  883.08774   59  158  881.00000  928.11796  5.35%   252 1405s
 501496 287908  893.50452   63  140  881.00000  928.09370  5.35%   252 1411s
 503052 289595  902.19410   64  113  881.00000  928.08474  5.34%   252 1417s
 504596 290571  899.15169   47  143  881.00000  928.07219  5.34%   252 1420s
 507983 292487  913.59668   60  148  881.00000  928.00906  5.34%   252 1426s
 509662 293654  896.61542   59  125  881.00000  927.98860  5.33%   252 1432s
 511480 294760  909.22970   64  107  881.00000  927.96874  5.33%   252 1436s
 515196 296905  907.91483   56  141  881.00000  927.91125  5.32%   251 1442s
 516983 297966  923.35078   64   89  881.00000  927.88938  5.32%   251 1445s
 520677 300205  887.93897   64   66  881.00000  927.84849  5.32%   251 1451s
 523978 302376  914.95408   54   93  881.00000  927.79887  5.31%   251 1457s
 525755 303405  896.90818   70   91  881.00000  927.78674  5.31%   251 1460s
 527523 304533  884.03663   57  101  881.00000  927.75823  5.31%   251 1466s
 529382 305642  906.34918   55  144  881.00000  927.72562  5.30%   251 1470s
 532938 307712  905.91448   50  142  881.00000  927.68928  5.30%   250 1476s
 536344 309526     cutoff   54       881.00000  927.64721  5.29%   250 1481s
 540061 311423  884.14356   69   73  881.00000  927.60776  5.29%   250 1487s
 543194 313310     cutoff   58       881.00000  927.57040  5.29%   250 1492s
 546368 315212  885.15361   53  133  881.00000  927.52895  5.28%   249 1497s
 548025 316433  926.11340   43  136  881.00000  927.51006  5.28%   249 1503s
 550009 317272  920.00159   52  150  881.00000  927.48905  5.28%   249 1506s
 553367 319245  900.47115   57   72  881.00000  927.44474  5.27%   249 1512s
 556524 321202  923.11806   65   96  881.00000  927.41426  5.27%   249 1517s
 558345 322196  899.46669   66  103  881.00000  927.38904  5.27%   249 1520s
 561607 324048  898.35774   59  118  881.00000  927.35725  5.26%   248 1526s
 564503 325651  904.39806   61  122  881.00000  927.33510  5.26%   248 1531s
 566321 326593     cutoff   59       881.00000  927.30786  5.26%   248 1537s
 569535 328548  915.12039   55  147  881.00000  927.25294  5.25%   248 1543s
 571362 329783  904.44308   46  183  881.00000  927.23201  5.25%   248 1546s
 574998 331549  897.06909   57  103  881.00000  927.19644  5.24%   248 1551s
 578241 333206  896.09353   74   66  881.00000  927.15544  5.24%   247 1556s
 580808 334902  918.93568   46   96  881.00000  927.12858  5.24%   247 1562s
 582396 335932  907.37915   58   96  881.00000  927.09818  5.23%   247 1565s
 583964 336993  900.55840   39  132  881.00000  927.08374  5.23%   247 1570s
 587488 338919     cutoff   64       881.00000  927.04018  5.23%   247 1576s
 590589 340655  908.94508   60   59  881.00000  927.00554  5.22%   247 1582s
 592732 341438  912.08967   56   90  881.00000  926.97531  5.22%   247 1585s
 595845 343315  904.96871   59  134  881.00000  926.93414  5.21%   246 1590s
 599473 345272  906.77317   50  160  881.00000  926.90704  5.21%   246 1595s
 602589 347011  912.67796   59   88  881.00000  926.86515  5.21%   246 1601s
 604211 347998  908.32885   42  181  881.00000  926.84843  5.20%   246 1606s
 607105 349557  916.65658   55   93  881.00000  926.81176  5.20%   246 1611s
 610313 351526  899.99553   50   96  881.00000  926.78338  5.20%   246 1617s
 611928 352750  910.40076   49  127  881.00000  926.75413  5.19%   245 1620s
 615454 354649  898.52663   52  180  881.00000  926.72098  5.19%   245 1625s
 618716 356275  886.21030   63  149  881.00000  926.68763  5.19%   245 1631s
 621530 358169  901.31324   61   77  881.00000  926.65324  5.18%   245 1636s
 623291 359154  885.54378   69   77  881.00000  926.63467  5.18%   245 1642s
 624996 360175  893.96847   62  175  881.00000  926.61784  5.18%   245 1645s
 628567 362318  908.44107   58  160  881.00000  926.57523  5.17%   245 1650s
 632050 364337  904.43862   62  104  881.00000  926.53728  5.17%   244 1656s
 635564 366292  907.81744   54  126  881.00000  926.48768  5.16%   244 1662s
 637168 367394  907.74917   51  187  881.00000  926.47127  5.16%   244 1665s
 640894 369215  898.95007   62  181  881.00000  926.44659  5.16%   244 1670s
 642562 370158  897.02144   75  136  881.00000  926.41399  5.15%   244 1675s
 645845 371792  898.58584   54   43  881.00000  926.38539  5.15%   244 1681s
 648912 373406  891.06523   69   72  881.00000  926.35187  5.15%   244 1686s
 651904 375122  913.81782   53   83  881.00000  926.32165  5.14%   243 1691s
 655382 377413  894.21093   77   77  881.00000  926.29179  5.14%   243 1697s
 659153 378849  884.08461   78  147  881.00000  926.24703  5.14%   243 1702s
 660232 379692  893.47990   62  116  881.00000  926.24703  5.14%   243 1705s
 661624 380594  912.29076   61  113  881.00000  926.23283  5.13%   243 1710s
 664720 382627     cutoff   58       881.00000  926.19857  5.13%   243 1716s
 668274 384703  887.45081   81  109  881.00000  926.15320  5.13%   242 1722s
 669948 385113  923.72710   41  109  881.00000  926.13451  5.12%   242 1725s
 672127 386994  907.49867   64  130  881.00000  926.11925  5.12%   242 1731s
 675600 389178  915.63886   62   99  881.00000  926.07556  5.12%   242 1737s
 677599 390518  909.53659   46  181  881.00000  926.05035  5.11%   242 1743s
 679770 391285  914.18681   65   39  881.00000  926.03743  5.11%   242 1745s
 682810 393311  902.82881   59  171  881.00000  926.00511  5.11%   241 1751s
 686103 395517  900.79420   60  106  881.00000  925.97948  5.11%   241 1757s
 689488 397220  883.21126   64  149  881.00000  925.94377  5.10%   241 1762s
 691175 398249  901.95859   60   70  881.00000  925.92697  5.10%   241 1765s
 694245 399763  914.53492   51  131  881.00000  925.90432  5.10%   241 1770s
 697237 401767  915.87315   54  120  881.00000  925.86700  5.09%   241 1778s
 699056 402779  889.91201   73   44  881.00000  925.85857  5.09%   241 1781s
 702647 404679  907.29834   63  108  881.00000  925.82292  5.09%   241 1787s
 704345 405444  894.66717   59  136  881.00000  925.81045  5.09%   241 1790s
 707784 407386  896.72520   58   97  881.00000  925.77981  5.08%   240 1795s
 711393 409305  899.71422   72   77  881.00000  925.74459  5.08%   240 1801s
 714813 411089  903.48696   47  148  881.00000  925.71112  5.08%   240 1806s
 716230 411842  905.55998   65   49  881.00000  925.69392  5.07%   240 1811s
 719382 413648     cutoff   68       881.00000  925.66835  5.07%   240 1816s
 722972 415770  910.85448   49  117  881.00000  925.62820  5.07%   239 1822s
 724571 416708  898.88531   51  143  881.00000  925.61625  5.06%   239 1825s
 728047 418797  910.94671   57  117  881.00000  925.58652  5.06%   239 1831s
 731416 419814  904.70143   64  101  881.00000  925.56911  5.06%   239 1836s
 732641 420930  908.41860   60   67  881.00000  925.55401  5.06%   239 1842s
 733517 421658  911.59264   52  172  881.00000  925.54831  5.06%   239 1847s
 734937 422544  907.24341   46  164  881.00000  925.54024  5.06%   239 1850s
 738228 424618  889.03010   53  136  881.00000  925.50986  5.05%   239 1856s
 741621 426601  914.51652   56   83  881.00000  925.47574  5.05%   238 1862s
 743558 427608  906.95215   38  172  881.00000  925.45002  5.05%   238 1865s
 747354 429441     cutoff   64       881.00000  925.42383  5.04%   238 1870s
 750621 431366  916.57487   62  166  881.00000  925.39203  5.04%   238 1875s
 753694 433171  892.35638   64  145  881.00000  925.36453  5.04%   238 1882s
 756763 434981  914.53183   55  158  881.00000  925.33924  5.03%   238 1887s
 758443 435924  904.32926   69  115  881.00000  925.31686  5.03%   238 1890s
 761831 437790  884.35950   64   74  881.00000  925.28401  5.03%   237 1895s
 765207 439816  887.13604   66   51  881.00000  925.25395  5.02%   237 1901s
 768542 441710  909.48801   60   81  881.00000  925.22011  5.02%   237 1906s
 771830 443646  916.49177   47  182  881.00000  925.18052  5.01%   237 1914s
 773811 444550  920.89740   59  102  881.00000  925.16948  5.01%   237 1917s
 775449 445419  919.08163   55  160  881.00000  925.16061  5.01%   237 1920s
 778748 447114  886.94215   69   45  881.00000  925.13507  5.01%   237 1925s
 782177 449126  915.91452   46  197  881.00000  925.09988  5.01%   236 1931s
 785753 451330  885.17101   70  128  881.00000  925.07625  5.00%   236 1937s
 787296 452508  894.59866   79  104  881.00000  925.05990  5.00%   236 1940s
 790956 454051  901.90619   64   77  881.00000  925.03806  5.00%   236 1945s
 792492 454856  906.41903   44  242  881.00000  925.02663  5.00%   236 1950s
 795711 456695  909.16116   52   91  881.00000  924.99141  4.99%   236 1955s
 799029 458693  916.34972   60  104  881.00000  924.96844  4.99%   236 1960s
 802313 460396  902.39003   47  181  881.00000  924.93896  4.99%   236 1965s
 805638 462380  913.79936   56  147  881.00000  924.91500  4.98%   235 1971s
 809256 463980  907.04183   63  133  881.00000  924.87993  4.98%   235 1976s
 812588 465737  885.19336   62  106  881.00000  924.85476  4.98%   235 1983s
 814158 466628  893.78956   57   97  881.00000  924.84290  4.98%   235 1986s
 817372 468441  915.15151   60  163  881.00000  924.81384  4.97%   235 1991s
 820581 470210  885.57060   75   65  881.00000  924.78660  4.97%   235 1996s
 823612 471943  891.74324   75   75  881.00000  924.76359  4.97%   235 2001s
 827313 473957  900.77863   46   98  881.00000  924.73595  4.96%   234 2007s
 829049 475179  902.83763   56  175  881.00000  924.71995  4.96%   234 2010s
 833199 477354  917.31893   60  127  881.00000  924.68476  4.96%   234 2018s
 834752 478155     cutoff   71       881.00000  924.67882  4.96%   234 2020s
 838015 480058  895.23890   65  114  881.00000  924.64890  4.95%   234 2025s
 841507 481747  899.23283   56   72  881.00000  924.62464  4.95%   234 2030s
 844745 483730  905.10853   60   91  881.00000  924.59474  4.95%   234 2035s
 848271 484914  912.64175   51   83  881.00000  924.56790  4.95%   233 2041s
 849111 486690  907.26921   57  158  881.00000  924.56790  4.95%   233 2046s
 852545 487860  896.43122   64   47  881.00000  924.56246  4.94%   233 2052s
 854722 488254  915.08548   47  199  881.00000  924.52462  4.94%   233 2055s
 857004 490311  905.49915   54  115  881.00000  924.52133  4.94%   233 2062s
 858965 491512  891.08328   72   75  881.00000  924.49802  4.94%   233 2065s
 863166 493975  887.20042   69   81  881.00000  924.47380  4.93%   233 2072s
 867009 496211  915.63790   48  130  881.00000  924.44022  4.93%   232 2077s
 869191 497436  897.44098   62   85  881.00000  924.42651  4.93%   232 2080s
 873166 499143  919.09693   48  134  881.00000  924.40761  4.93%   232 2087s
 876397 500911  917.20793   50  115  881.00000  924.38585  4.92%   232 2091s
 879552 502792  906.50012   50  196  881.00000  924.36693  4.92%   232 2096s
 882593 504412  905.19464   45   83  881.00000  924.34824  4.92%   231 2101s
 885627 506189  891.45416   79  136  881.00000  924.32965  4.92%   231 2105s
 888735 507753  884.23861   82   85  881.00000  924.31098  4.92%   231 2110s
 892334 509744  906.98667   52  149  881.00000  924.28397  4.91%   231 2116s
 893841 510567  908.70036   71   90  881.00000  924.27435  4.91%   231 2121s
 897238 512288  917.04411   64  133  881.00000  924.24837  4.91%   231 2126s
 900272 513984  894.56106   63  115  881.00000  924.23047  4.91%   231 2131s
 903339 515440  895.14078   81  146  881.00000  924.21314  4.91%   230 2136s
 906281 517329  915.04255   57  140  881.00000  924.19318  4.90%   230 2141s
 909636 519204  898.96932   54   99  881.00000  924.17286  4.90%   230 2146s
 913727 521408  913.38919   62   84  881.00000  924.14404  4.90%   230 2152s
 915141 522324  921.96606   59   60  881.00000  924.13521  4.90%   230 2156s
 918457 524014  893.59215   58  161  881.00000  924.11434  4.89%   230 2161s
 921527 525792  908.66192   64  166  881.00000  924.09465  4.89%   230 2165s
 924716 527497  914.17683   60  108  881.00000  924.07498  4.89%   229 2170s
 927756 529346  886.61875   56  103  881.00000  924.04860  4.89%   229 2175s
 930957 531143  899.40520   50  194  881.00000  924.03192  4.88%   229 2180s
 935010 533294     cutoff   79       881.00000  924.00621  4.88%   229 2186s
 936503 534116  899.62896   58   95  881.00000  923.99495  4.88%   229 2190s
 939558 535691  900.77565   69  229  881.00000  923.97384  4.88%   229 2195s
 942547 537694  913.41658   48  182  881.00000  923.95470  4.88%   229 2200s
 946198 539745  902.63514   52  114  881.00000  923.92861  4.87%   229 2205s
 949532 541076  886.35940   89   40  881.00000  923.90839  4.87%   228 2211s
 952066 542718  902.08767   63   81  881.00000  923.90444  4.87%   228 2217s
 953455 543783  911.23776   54  103  881.00000  923.88901  4.87%   228 2220s
 957152 545609  908.06893   58  125  881.00000  923.85476  4.86%   228 2226s
 960598 547330  918.79414   55  122  881.00000  923.82876  4.86%   228 2231s
 963992 549180  915.65383   51  142  881.00000  923.80939  4.86%   228 2236s
 966852 550751  909.34233   50  112  881.00000  923.78888  4.86%   228 2242s
 970283 552373  896.54959   48  200  881.00000  923.76796  4.85%   228 2247s
 973432 554015  909.52068   51  182  881.00000  923.74498  4.85%   227 2252s
 975053 555127  898.85112   66  144  881.00000  923.73774  4.85%   227 2257s
 978728 556915     cutoff   76       881.00000  923.71690  4.85%   227 2262s
 980219 557773  914.25193   55   63  881.00000  923.71000  4.85%   227 2265s
 983351 559587  919.08976   67  131  881.00000  923.68572  4.85%   227 2270s
 986416 561454  894.96872   64   36  881.00000  923.65716  4.84%   227 2276s
 990187 563313  892.46999   63   52  881.00000  923.62976  4.84%   227 2281s
 993810 565170  905.67159   70   60  881.00000  923.59997  4.84%   227 2287s
 995366 566130  915.45955   58  123  881.00000  923.59081  4.83%   227 2290s
 998836 567805  898.94299   51  187  881.00000  923.56907  4.83%   227 2295s
 1002088 569580  901.57355   59   41  881.00000  923.54428  4.83%   226 2301s
 1005948 571407  887.83079   56  101  881.00000  923.52374  4.83%   226 2307s
 1007274 572468  904.28169   64   35  881.00000  923.51519  4.83%   226 2310s
 1010866 574233  897.04878   60   59  881.00000  923.49547  4.82%   226 2315s
 1013991 575887  905.09714   49  147  881.00000  923.47465  4.82%   226 2320s
 1017173 577548  890.77910   63   44  881.00000  923.45362  4.82%   226 2327s
 1018634 578718  898.68146   68  108  881.00000  923.44144  4.82%   226 2330s
 1022191 580142  905.34711   50  134  881.00000  923.41291  4.81%   226 2335s
 1025221 581984  907.98608   68  173  881.00000  923.39230  4.81%   226 2340s
 1028333 583808  894.24543   57  117  881.00000  923.37187  4.81%   226 2345s
 1031672 585689  898.23922   63   41  881.00000  923.35018  4.81%   225 2351s
 1033395 586628  902.99554   56   84  881.00000  923.33537  4.81%   225 2355s
 1035734 587371  892.28083   72  184  881.00000  923.32709  4.80%   225 2360s
 1038272 589204  882.58264   74   76  881.00000  923.31266  4.80%   225 2367s
 1039975 590239     cutoff   69       881.00000  923.30074  4.80%   225 2370s
 1043409 592153  893.65755   68   77  881.00000  923.27548  4.80%   225 2375s
 1046669 594125  906.26467   43  120  881.00000  923.24934  4.80%   225 2381s
 1050337 596083     cutoff   82       881.00000  923.22945  4.79%   225 2388s
 1052190 596776  911.33817   52  134  881.00000  923.21118  4.79%   225 2391s
 1055475 598800  910.37658   61  181  881.00000  923.19054  4.79%   225 2396s
 1059092 600627     cutoff   74       881.00000  923.16381  4.79%   225 2401s
 1062622 602746  918.96550   59  122  881.00000  923.14159  4.78%   224 2407s
 1064410 603522  907.28350   60  161  881.00000  923.13058  4.78%   224 2410s
 1067229 605032  891.76580   72   94  881.00000  923.11291  4.78%   224 2415s
 1070290 606980  890.01227   69  143  881.00000  923.09431  4.78%   224 2421s
 1072000 607201  909.57897   60   70  881.00000  923.08345  4.78%   224 2427s
 1072347 607375  907.17357   61   73  881.00000  923.08345  4.78%   224 2431s
 1073113 607907  905.23274   63   72  881.00000  923.08005  4.78%   224 2436s
 1073786 608532  904.52723   64   72  881.00000  923.07663  4.78%   224 2440s
 1076775 610460  913.09253   52  132  881.00000  923.06445  4.77%   224 2446s
 1078665 611516  911.29014   59  125  881.00000  923.03718  4.77%   224 2450s
 1082639 613717     cutoff   75       881.00000  923.00805  4.77%   224 2457s
 1084833 614447  901.28623   61   53  881.00000  922.99609  4.77%   224 2460s
 1087932 615965  907.69037   60  124  881.00000  922.97282  4.76%   224 2465s
 1090942 617628  897.32811   68   93  881.00000  922.95700  4.76%   224 2471s
 1094217 619234  890.25594   53   79  881.00000  922.93364  4.76%   224 2476s
 1097642 621111  911.21052   67  176  881.00000  922.91657  4.76%   223 2481s
 1101119 622796     cutoff   64       881.00000  922.89382  4.76%   223 2488s
 1102707 623807  898.30285   53  155  881.00000  922.88739  4.75%   223 2490s
 1106474 625758  902.98151   56  120  881.00000  922.85908  4.75%   223 2496s
 1109942 627345  903.67934   62  107  881.00000  922.83487  4.75%   223 2501s
 1113057 629147  912.51198   49  204  881.00000  922.81730  4.75%   223 2507s
 1116517 630847  908.59477   52  111  881.00000  922.79551  4.74%   223 2512s
 1118019 631776  899.12668   54  125  881.00000  922.78663  4.74%   223 2515s
 1121184 633512  893.85720   59  107  881.00000  922.76497  4.74%   223 2521s
 1124489 635307  893.92405   70   54  881.00000  922.74347  4.74%   223 2526s
 1126312 636278  890.95254   70  174  881.00000  922.73238  4.74%   223 2530s
 1129825 638004  905.00397   64  125  881.00000  922.71682  4.74%   223 2535s
 1133340 639709  883.67600   72   44  881.00000  922.69621  4.73%   222 2540s
 1136545 641333  901.01796   61  105  881.00000  922.67505  4.73%   222 2545s
 1139351 643064  910.77573   51  167  881.00000  922.65413  4.73%   222 2551s
 1140936 643887  910.66509   57  129  881.00000  922.64549  4.73%   222 2555s
 1144000 645419  914.57333   54  136  881.00000  922.62678  4.72%   222 2561s
 1147360 647369  888.87354   68  102  881.00000  922.60740  4.72%   222 2567s
 1150887 649195  883.45992   52  145  881.00000  922.58779  4.72%   222 2572s
 1152657 650100  910.36753   58  157  881.00000  922.57961  4.72%   222 2575s
 1155780 651713  888.83439   56  152  881.00000  922.56144  4.72%   222 2580s
 1159032 653347  910.71861   49  132  881.00000  922.54493  4.72%   222 2586s
 1162346 655125  910.40940   44  136  881.00000  922.52268  4.71%   222 2591s
 1165609 656992  906.98671   50   60  881.00000  922.50851  4.71%   222 2597s
 1169133 658119  914.21397   41  212  881.00000  922.48184  4.71%   222 2603s
 1169520 661861  904.90700   60   65  881.00000  922.48073  4.71%   222 2615s
 1179077 663836  898.10439   51  153  881.00000  922.42844  4.70%   221 2622s
 1181016 664801  885.64048   62  135  881.00000  922.41188  4.70%   221 2625s
 1183854 666046  915.32214   50  113  881.00000  922.40165  4.70%   221 2631s
 1186632 667581  883.63084   78   65  881.00000  922.39183  4.70%   221 2637s
 1188146 668427  897.69904   57  144  881.00000  922.39079  4.70%   221 2640s
 1191377 670121  883.34506   63   67  881.00000  922.35929  4.69%   221 2646s
 1194825 672138  903.17348   49  129  881.00000  922.33826  4.69%   221 2653s
 1196893 673102     cutoff   65       881.00000  922.31596  4.69%   221 2656s
 1200516 675030  887.14540   64   85  881.00000  922.29441  4.69%   221 2662s
 1202106 676075  905.24870   63   93  881.00000  922.28529  4.69%   221 2665s
 1205875 678010  909.85990   46  149  881.00000  922.26511  4.68%   221 2670s
 1209353 679630  895.02881   57   86  881.00000  922.24438  4.68%   221 2676s
 1212842 681630  911.77102   64  109  881.00000  922.22523  4.68%   220 2682s
 1216007 683538  901.46166   45  133  881.00000  922.20414  4.68%   220 2687s
 1217824 684302  908.99394   54  198  881.00000  922.19726  4.68%   220 2690s
 1221130 685998     cutoff   69       881.00000  922.17531  4.67%   220 2695s
 1224337 687821  903.03792   49   76  881.00000  922.15532  4.67%   220 2701s
 1227761 689736  911.78386   61  187  881.00000  922.13575  4.67%   220 2706s
 1230795 691433  905.31151   49  165  881.00000  922.11569  4.67%   220 2712s
 1232447 692514  912.31553   49   70  881.00000  922.10871  4.67%   220 2715s
 1235912 694301  901.65714   65  125  881.00000  922.09043  4.66%   220 2721s
 1239527 696043  917.91589   70   84  881.00000  922.07148  4.66%   220 2726s
 1242527 697846  912.78828   47  146  881.00000  922.05276  4.66%   220 2732s
 1244222 698560  902.22633   64   88  881.00000  922.04208  4.66%   220 2735s
 1247220 700149  889.86143   67   74  881.00000  922.02406  4.66%   220 2740s
 1250588 701983  902.99992   62   76  881.00000  922.00613  4.65%   220 2746s
 1254076 703839  887.38997   58   54  881.00000  921.98799  4.65%   220 2752s
 1256048 704743  895.86009   54  123  881.00000  921.97642  4.65%   219 2755s
 1259605 706354  896.54422   56  103  881.00000  921.95289  4.65%   219 2760s
 1262605 708368  903.94602   53  152  881.00000  921.93369  4.65%   219 2766s
 1266232 710258  900.87109   51  152  881.00000  921.91722  4.64%   219 2771s
 1269447 711869  899.52412   64  138  881.00000  921.89973  4.64%   219 2776s
 1272658 713341  906.27126   50  159  881.00000  921.88602  4.64%   219 2781s
 1275622 715181  909.44395   59  171  881.00000  921.86539  4.64%   219 2787s
 1279036 716790  909.58054   64   50  881.00000  921.84827  4.64%   219 2792s
 1280683 717673  907.95390   59   95  881.00000  921.84039  4.64%   219 2795s
 1284284 719379  897.54414   61  165  881.00000  921.81738  4.63%   219 2801s
 1287638 721072  912.91290   62   91  881.00000  921.79250  4.63%   219 2806s
 1290845 722937  892.27762   58   91  881.00000  921.77551  4.63%   219 2812s
 1292429 723817  896.39104   82   91  881.00000  921.76621  4.63%   219 2815s
 1296318 725857  900.64437   58  114  881.00000  921.74820  4.63%   218 2821s
 1299702 727658  903.02997   56   60  881.00000  921.73415  4.62%   218 2826s
 1303124 729388  912.05685   59   86  881.00000  921.71924  4.62%   218 2831s
 1306319 731072  905.71073   56  129  881.00000  921.69775  4.62%   218 2837s
 1307954 731909  911.40059   59   70  881.00000  921.69135  4.62%   218 2840s
 1311329 733778  901.19654   62  104  881.00000  921.67034  4.62%   218 2845s
 1314519 735585  892.33020   65  174  881.00000  921.65501  4.61%   218 2851s
 1318205 737398     cutoff   65       881.00000  921.63529  4.61%   218 2857s
 1321811 738675  916.64338   56   98  881.00000  921.61667  4.61%   218 2862s
 1322649 739418  914.63169   58  159  881.00000  921.61374  4.61%   218 2865s
 1325790 741082  892.00900   50  160  881.00000  921.59838  4.61%   218 2871s
 1329318 743058  906.14032   56  151  881.00000  921.57202  4.61%   218 2877s
 1331121 744054  890.02603   68   89  881.00000  921.56037  4.60%   218 2880s
 1334543 745715     cutoff   64       881.00000  921.53863  4.60%   218 2886s
 1338268 747365  898.25693   65   96  881.00000  921.52236  4.60%   218 2892s
 1339792 748323  910.83421   43  128  881.00000  921.51323  4.60%   218 2895s
 1343214 749858     cutoff   62       881.00000  921.49558  4.60%   217 2901s
 1346738 751852  896.92730   78   50  881.00000  921.47650  4.59%   217 2907s
 1348351 752734  916.09462   60  112  881.00000  921.46847  4.59%   217 2910s
 1351717 754535  891.98843   58   46  881.00000  921.45385  4.59%   217 2915s
 1355019 756110  893.43764   86   83  881.00000  921.43456  4.59%   217 2921s
 1358330 757972     cutoff   72       881.00000  921.41890  4.59%   217 2926s
 1362019 759784  891.20494   55  169  881.00000  921.40060  4.59%   217 2932s
 1363667 760587  911.31873   70  111  881.00000  921.39165  4.58%   217 2935s
 1366963 762201     cutoff   55       881.00000  921.37740  4.58%   217 2941s
 1370322 764030  883.11878   85   94  881.00000  921.35745  4.58%   217 2947s
 1373599 765447  896.70369   65   75  881.00000  921.33999  4.58%   217 2952s
 1375263 766100  911.50805   59  107  881.00000  921.33036  4.58%   217 2955s
 1378674 767850  882.73768   66   47  881.00000  921.31363  4.58%   217 2961s
 1382092 770014  893.62637   59   88  881.00000  921.29251  4.57%   217 2968s
 1384461 770734  904.27395   54   94  881.00000  921.28412  4.57%   217 2971s
 1386909 772069  911.99749   54  148  881.00000  921.26850  4.57%   217 2976s
 1389971 773573  904.01794   59   92  881.00000  921.25337  4.57%   217 2981s
 1393288 775436  892.67246   67  119  881.00000  921.23595  4.57%   217 2987s
 1396632 777090  908.08834   56  141  881.00000  921.22219  4.57%   216 2992s
 1398278 778137  885.07370   64   82  881.00000  921.21344  4.56%   216 2995s
 1401904 779833  887.78725   67  164  881.00000  921.19380  4.56%   216 3000s
 1405576 781888  907.70132   49  206  881.00000  921.17715  4.56%   216 3006s
 1408747 783522  889.42712   72   34  881.00000  921.15894  4.56%   216 3011s
 1411748 784781  910.19340   54   76  881.00000  921.14484  4.56%   216 3017s
 1412547 785507  902.73549   46  213  881.00000  921.14317  4.56%   216 3020s
 1415535 787091  906.78857   54  109  881.00000  921.13182  4.56%   216 3026s
 1418621 788642     cutoff   68       881.00000  921.11456  4.55%   216 3032s
 1420247 789493     cutoff   51       881.00000  921.10535  4.55%   216 3035s
 1423976 791498  904.65134   60   70  881.00000  921.07903  4.55%   216 3042s
 1425964 792519  911.21433   67  103  881.00000  921.06998  4.55%   216 3045s
 1429757 794235  893.16078   57  136  881.00000  921.05062  4.55%   216 3050s
 1434626 796565  901.95355   51  143  881.00000  921.03029  4.54%   216 3057s
 1436117 797444  915.10948   49  137  881.00000  921.02645  4.54%   216 3060s
 1439189 799147  907.77779   58   65  881.00000  921.00989  4.54%   216 3065s
 1442398 800671  914.91345   60  133  881.00000  920.99056  4.54%   215 3070s
 1445295 802254  911.28178   58  112  881.00000  920.97585  4.54%   215 3075s
 1448761 804122  914.82731   54  115  881.00000  920.96122  4.54%   215 3081s
 1452199 805873  915.14439   53  140  881.00000  920.94429  4.53%   215 3087s
 1455655 807430  897.41070   42  123  881.00000  920.92936  4.53%   215 3092s
 1457149 808315  908.62109   61  116  881.00000  920.91872  4.53%   215 3095s
 1460116 809988  901.56704   67   79  881.00000  920.90373  4.53%   215 3100s
 1463291 811790  900.55740   43   72  881.00000  920.89133  4.53%   215 3106s
 1466659 813488  909.78203   59  189  881.00000  920.87416  4.53%   215 3111s
 1468233 814250  895.74235   65  103  881.00000  920.86493  4.52%   215 3115s
 1472010 816226  902.37201   60   74  881.00000  920.84742  4.52%   215 3121s
 1475170 817859  900.59122   72   72  881.00000  920.82837  4.52%   215 3126s
 1478420 819714  909.04947   52  110  881.00000  920.80861  4.52%   215 3132s
 1480016 820592  891.06644   74  127  881.00000  920.80435  4.52%   215 3135s
 1483724 822522  908.29608   53  140  881.00000  920.78713  4.52%   215 3140s
 1486961 824019  887.17869   40  205  881.00000  920.77226  4.51%   215 3146s
 1490396 826003  899.31550   56   77  881.00000  920.75565  4.51%   215 3152s
 1493916 827617  906.94635   60  123  881.00000  920.74214  4.51%   215 3157s
 1495589 828539     cutoff   73       881.00000  920.73243  4.51%   215 3160s
 1498786 830161  900.14172   69   49  881.00000  920.71972  4.51%   215 3165s
 1501808 831924  892.84340   75   71  881.00000  920.70542  4.51%   214 3170s
 1504912 833408  901.28154   56   98  881.00000  920.69056  4.51%   214 3175s
 1508024 834994     cutoff   68       881.00000  920.68280  4.50%   214 3181s
 1511527 836902  888.07714   59  133  881.00000  920.66038  4.50%   214 3187s
 1515089 838575  903.43256   59  150  881.00000  920.64312  4.50%   214 3192s
 1516689 839466  906.47028   62  151  881.00000  920.63353  4.50%   214 3195s
 1519979 841194  906.44936   62  115  881.00000  920.61827  4.50%   214 3200s
 1522916 842796  896.96805   56  131  881.00000  920.60411  4.50%   214 3206s
 1526460 844486  906.82664   54  109  881.00000  920.58681  4.49%   214 3211s
 1528549 845430  895.03422   42  188  881.00000  920.58039  4.49%   214 3217s
 1529744 846114  896.83880   41  203  881.00000  920.57711  4.49%   214 3220s
 1532490 847740     cutoff   44       881.00000  920.56204  4.49%   214 3226s
 1533998 848620  883.98899   42  211  881.00000  920.55280  4.49%   214 3230s
 1537711 850532  886.47271   45  158  881.00000  920.53591  4.49%   214 3236s
 1541274 852242  892.08891   44  171  881.00000  920.51568  4.49%   214 3242s
 1542865 853080  885.99169   46  157  881.00000  920.50800  4.48%   214 3245s
 1546206 854814     cutoff   47       881.00000  920.49016  4.48%   214 3251s
 1550190 856573  908.96683   57   87  881.00000  920.46932  4.48%   214 3257s
 1551822 857416  901.03873   69   90  881.00000  920.46000  4.48%   214 3260s
 1555766 859135  905.26347   55   92  881.00000  920.44245  4.48%   213 3265s
 1558365 860622  891.11887   72   77  881.00000  920.42544  4.48%   213 3271s
 1561593 862310  892.55768   58   62  881.00000  920.41127  4.47%   213 3276s
 1564505 863840  913.59031   64  153  881.00000  920.39328  4.47%   213 3281s
 1567517 865365  882.24336   76   89  881.00000  920.38072  4.47%   213 3287s
 1569373 866284  910.02997   46  185  881.00000  920.37196  4.47%   213 3290s
 1572845 867954  914.13193   51  108  881.00000  920.35293  4.47%   213 3295s
 1576183 869796  900.74631   61  123  881.00000  920.33932  4.47%   213 3301s
 1579414 871532  896.64637   44  132  881.00000  920.32100  4.46%   213 3307s
 1581210 872245  885.80362   68  105  881.00000  920.31479  4.46%   213 3310s
 1584671 874092  906.48752   64  113  881.00000  920.29989  4.46%   213 3316s
 1588024 875879  902.21735   55  115  881.00000  920.28568  4.46%   213 3322s
 1589802 876706  883.38494   81   87  881.00000  920.27519  4.46%   213 3325s
 1592991 878261  910.18243   53  185  881.00000  920.26066  4.46%   213 3330s
 1596363 880215  897.15916   64   89  881.00000  920.24625  4.45%   213 3336s
 1599746 881859  901.73840   60  146  881.00000  920.22612  4.45%   213 3341s
 1603085 883688  898.52507   56  112  881.00000  920.21131  4.45%   213 3347s
 1604795 884513  917.58256   55  192  881.00000  920.20412  4.45%   213 3350s
 1608194 886176  890.75878   63   55  881.00000  920.18415  4.45%   213 3356s
 1611841 888010  894.89744   68   87  881.00000  920.17524  4.45%   213 3361s
 1615113 889562  903.74134   59   44  881.00000  920.15466  4.44%   213 3367s
 1618163 891126  892.17005   69   91  881.00000  920.14056  4.44%   213 3373s
 1619824 892149  899.39642   53  179  881.00000  920.13026  4.44%   213 3376s
 1623560 893808  899.25796   61  114  881.00000  920.11500  4.44%   213 3381s
 1627232 895488  913.97175   58  138  881.00000  920.09741  4.44%   212 3387s
 1630433 897013  907.04732   70  144  881.00000  920.08399  4.44%   212 3392s
 1631802 897899  902.63349   72  108  881.00000  920.07842  4.44%   212 3395s
 1634984 899681  905.79941   61   84  881.00000  920.06599  4.43%   212 3401s
 1638366 901178  895.22175   63  142  881.00000  920.05183  4.43%   212 3406s
 1641666 902827  911.39837   53  134  881.00000  920.02935  4.43%   212 3412s
 1643177 903701  899.75943   65   72  881.00000  920.02075  4.43%   212 3415s
 1646751 905634  885.98901   75   79  881.00000  920.00800  4.43%   212 3420s
 1650236 907421  906.38640   55  197  881.00000  919.99267  4.43%   212 3426s
 1653255 909030  905.64358   56  110  881.00000  919.97717  4.42%   212 3431s
 1656643 910476  897.06201   55  104  881.00000  919.96486  4.42%   212 3436s
 1659365 912204  884.88401   51  104  881.00000  919.95119  4.42%   212 3442s
 1660937 913002     cutoff   63       881.00000  919.94278  4.42%   212 3445s
 1664483 914761  906.56927   56   95  881.00000  919.92679  4.42%   212 3452s
 1666184 915801  892.57979   53   93  881.00000  919.91878  4.42%   212 3455s
 1670066 917417  908.46670   50  221  881.00000  919.90084  4.42%   212 3460s
 1672945 918751  899.39510   58  125  881.00000  919.88866  4.41%   212 3466s
 1676151 920523  905.79226   67   80  881.00000  919.87499  4.41%   212 3472s
 1679230 922032  895.43030   70   63  881.00000  919.85891  4.41%   212 3477s
 1680834 922926  899.44799   58   88  881.00000  919.85221  4.41%   212 3480s
 1684611 924753  905.49485   57   93  881.00000  919.83640  4.41%   212 3486s
 1688161 926403  897.57014   63  121  881.00000  919.81772  4.41%   212 3492s
 1691530 928088  910.60422   58  136  881.00000  919.80111  4.40%   212 3497s
 1694790 929651  900.89470   73   98  881.00000  919.78850  4.40%   212 3502s
 1696271 930483  888.91098   67   79  881.00000  919.77991  4.40%   212 3505s
 1699644 932119  894.12257   68  131  881.00000  919.76359  4.40%   211 3510s
 1702733 933782  899.89846   62  148  881.00000  919.75385  4.40%   211 3516s
 1706059 935647  894.99672   47  154  881.00000  919.73894  4.40%   211 3522s
 1707810 936479  894.92528   47  166  881.00000  919.72994  4.40%   211 3525s
 1711219 938115  887.87494   70   84  881.00000  919.71410  4.39%   211 3531s
 1714645 939515  901.44925   49  133  881.00000  919.69920  4.39%   211 3536s
 1717796 940603  885.21945   68   88  881.00000  919.68600  4.39%   211 3542s
 1718422 941047  900.63397   59  131  881.00000  919.68600  4.39%   211 3545s
 1720726 942546  890.95080   58   93  881.00000  919.68133  4.39%   211 3552s
 1722258 943596  904.05338   60   52  881.00000  919.67415  4.39%   211 3555s
 1726018 945603     cutoff   56       881.00000  919.65055  4.39%   211 3562s
 1729575 947038  904.90452   57   77  881.00000  919.63437  4.39%   211 3567s
 1732863 948542  903.21553   66  145  881.00000  919.61907  4.38%   211 3572s
 1734420 949251  889.57195   64   71  881.00000  919.61373  4.38%   211 3575s
 1737235 950768  889.86495   55   67  881.00000  919.60139  4.38%   211 3580s
 1740367 952348  883.76514   57  116  881.00000  919.58891  4.38%   211 3585s
 1743751 953978  908.67539   52   89  881.00000  919.57648  4.38%   211 3591s
 1747052 955903  909.36944   67   67  881.00000  919.55958  4.38%   211 3597s
 1748849 956681  893.32891   75   37  881.00000  919.55271  4.38%   211 3600s

Cutting planes:
  Gomory: 15
  Lift-and-project: 855
  Cover: 65
  Implied bound: 2
  MIR: 1065
  Knapsack: 1
  StrongCG: 339
  Flow cover: 505
  Zero half: 1
  RLT: 500
  Relax-and-lift: 6
  BQP: 107

Explored 1750283 nodes (369176220 simplex iterations) in 3600.02 seconds (8448.73 work units)
Thread count was 16 (of 16 available processors)

Solution count 10: 881 871 835 ... 793

Time limit reached
Best objective 8.810000000000e+02, best bound 9.190000000000e+02, gap 4.3133%
