
Gurobi 13.0.3 (linux64) logging started Sun Sep 13 09:44:38 2026

Set parameter LogFile to value "Logs/Gurobi/dags_m0075_s3.txt"
Gurobi Optimizer version 13.0.3 build v13.0.3rc0 (linux64 - "Ubuntu 24.04.4 LTS")

CPU model: AMD Ryzen 7 7700 8-Core Processor, instruction set [SSE2|AVX|AVX2|AVX512]
Thread count: 8 physical cores, 16 logical processors, using up to 16 threads

Non-default parameters:
TimeLimit  3600
LogToConsole  0

Academic license 2863599 - for non-commercial use only - registered to be___@usm.cl
Optimize a model with 27187 rows, 15080 columns and 58748 nonzeros (Max)
Model fingerprint: 0x74c14092
Model has 13532 linear objective coefficients
Variable types: 13532 continuous, 1548 integer (1548 binary)
Coefficient statistics:
  Matrix range     [1e+00, 5e+01]
  Objective range  [1e+00, 8e+00]
  Bounds range     [1e+00, 1e+00]
  RHS range        [1e+00, 1e+00]

Warning: Completing partial solution with 1473 unfixed non-continuous variables out of 1548
User MIP start produced solution with objective 191 (0.01s)
Loaded user MIP start with objective 191

Presolve removed 601 rows and 302 columns
Presolve time: 0.10s
Presolved: 26586 rows, 14778 columns, 57472 nonzeros
Variable types: 13233 continuous, 1545 integer (1545 binary)

Root simplex log...

Iteration    Objective       Primal Inf.    Dual Inf.      Time
   34291    9.1319248e+02   5.946728e+02   0.000000e+00      5s
   50621    8.9912688e+02   4.438418e+01   0.000000e+00     10s
   52506    8.9895658e+02   0.000000e+00   0.000000e+00     11s

Root relaxation: objective 8.989566e+02, 52506 iterations, 10.41 seconds (26.48 work units)

    Nodes    |    Current Node    |     Objective Bounds      |     Work
 Expl Unexpl |  Obj  Depth IntInf | Incumbent    BestBd   Gap | It/Node Time

     0     0  898.95658    0 1401  191.00000  898.95658   371%     -   10s
     0     0  550.84046    0 1330  191.00000  550.84046   188%     -   45s
H    0     0                     192.0000000  390.78067   104%     -   67s
     0     0  390.74439    0  911  192.00000  390.74439   104%     -   67s
     0     0  360.28417    0  966  192.00000  360.28417  87.6%     -   78s
     0     0  359.13627    0  945  192.00000  359.13627  87.1%     -   82s
     0     0  359.11128    0  913  192.00000  359.11128  87.0%     -   82s
     0     0  269.33818    0 1040  192.00000  269.33818  40.3%     -  101s
     0     0  268.76592    0 1100  192.00000  268.76592  40.0%     -  104s
     0     0  268.33837    0 1112  192.00000  268.33837  39.8%     -  105s
     0     0  267.72109    0 1098  192.00000  267.72109  39.4%     -  114s
     0     0  267.72011    0 1098  192.00000  267.72011  39.4%     -  114s
     0     0  267.72011    0 1098  192.00000  267.72011  39.4%     -  114s
     0     2  267.71900    0 1098  192.00000  267.71900  39.4%     -  148s
     1     3  267.26687    1 1080  192.00000  267.71900  39.4%  3400  153s
     2     6  267.00824    2 1088  192.00000  267.71900  39.4%  3036  157s
     5    12  266.54239    3 1093  192.00000  267.00466  39.1%  3540  165s
    11    20  266.42934    4 1049  192.00000  266.54140  38.8%  5230  170s
    19    26  262.64333    5 1032  192.00000  266.42932  38.8%  5618  177s
    25    34  263.65081    5  899  192.00000  266.42932  38.8%  6901  185s
    33    52  263.42948    6  984  192.00000  266.42932  38.8%  6261  192s
    51    59  262.29626    8 1001  192.00000  266.42932  38.8%  4835  201s
    58    72  261.22832    8  885  192.00000  266.42932  38.8%  4495  209s
    71    86  262.43267   10  930  192.00000  266.42932  38.8%  4256  213s
    85   107  262.14172   13  922  192.00000  266.42932  38.8%  4055  222s
   106   118  257.26821   16  935  192.00000  266.42932  38.8%  3839  228s
   117   131  261.43531   17  909  192.00000  266.42932  38.8%  3724  234s
   130   139  259.51993   17  880  192.00000  266.42932  38.8%  3760  239s
   138   148  261.14575   18  936  192.00000  266.42932  38.8%  3716  247s
   147   160  260.65700   20  966  192.00000  266.42932  38.8%  3689  251s
   159   171  260.44470   25  936  192.00000  266.42932  38.8%  3502  256s
   170   179  258.57960   29  892  192.00000  266.42932  38.8%  3406  263s
   178   189  259.80953   29  936  192.00000  266.42932  38.8%  3383  269s
   188   202  259.74692   30  942  192.00000  266.42932  38.8%  3347  274s
   201   212  259.48360   35  952  192.00000  266.42932  38.8%  3232  281s
   211   225  259.33564   37  964  192.00000  266.42932  38.8%  3202  289s
   224   242  259.25190   39  923  192.00000  266.42932  38.8%  3125  294s
   241   259  259.03851   41  914  192.00000  266.42932  38.8%  3043  304s
   258   278  259.01938   42  923  192.00000  266.42932  38.8%  2931  311s
   277   295  258.58455   48  913  192.00000  266.42932  38.8%  2836  317s
   294   319  258.53690   50  912  192.00000  266.42932  38.8%  2781  326s
   318   333  255.45740   56  868  192.00000  266.42932  38.8%  2682  333s
   332   355  258.16913   57  901  192.00000  266.42932  38.8%  2703  338s
   354   383  258.16060   58  901  192.00000  266.42932  38.8%  2610  347s
   382   393  254.64698   61  880  192.00000  266.42932  38.8%  2539  352s
   392   417  257.61346   62  901  192.00000  266.42932  38.8%  2517  358s
   416   436  257.42938   65  914  192.00000  266.42932  38.8%  2480  364s
   435   464  257.12482   70  856  192.00000  266.42932  38.8%  2454  371s
   463   497  256.81874   74  897  192.00000  266.42932  38.8%  2425  377s
   496   527  256.50779   81  902  192.00000  266.42932  38.8%  2385  384s
   526   572  256.35440   82  908  192.00000  266.42932  38.8%  2366  393s
   571   626  255.97544   88  862  192.00000  266.42932  38.8%  2304  401s
   625   671  251.31401   92  848  192.00000  266.42932  38.8%  2254  409s
   670   725  254.79316   95  826  192.00000  266.42932  38.8%  2242  418s
   724   792  251.18894   96  862  192.00000  266.42932  38.8%  2221  426s
   791   853  254.96879  105  802  192.00000  266.42932  38.8%  2165  435s
   852   898  251.72450  108  768  192.00000  266.42932  38.8%  2153  445s
   897   982  254.45642  110  809  192.00000  266.42932  38.8%  2131  455s
   981  1057  253.83767  117  802  192.00000  266.42932  38.8%  2082  465s
  1056  1135  251.78424  120  762  192.00000  266.42932  38.8%  2060  474s
  1134  1202  250.58258  130  778  192.00000  266.42932  38.8%  2040  483s
  1201  1275  252.42938  139  763  192.00000  266.42932  38.8%  2043  495s
  1274  1355  247.54456  140  761  192.00000  266.42932  38.8%  2055  505s
  1354  1363  251.34777  146  763  192.00000  266.42932  38.8%  2044  515s
H 1357  1363                     194.0000000  266.42932  37.3%  2040  515s
  1362  1461  251.29885  147  737  194.00000  266.42932  37.3%  2036  526s
  1460  1539  248.24407  152  695  194.00000  266.42932  37.3%  2015  538s
  1538  1657  246.09144  154  664  194.00000  266.42932  37.3%  2032  550s
  1656  1758  245.85760  159  661  194.00000  266.42932  37.3%  1999  561s
  1757  1888  248.43420  166  737  194.00000  266.42932  37.3%  1992  573s
  1887  2035  247.56903  173  699  194.00000  266.42932  37.3%  1962  586s
  2034  2163  245.09452  177  653  194.00000  266.42932  37.3%  1925  598s
  2162  2318  246.08067  183  715  194.00000  266.42932  37.3%  1912  611s
  2317  2452  245.00572  191  708  194.00000  266.42932  37.3%  1884  625s
  2451  2607  241.72786  192  657  194.00000  266.42932  37.3%  1882  638s
  2606  2761  239.64733  200  686  194.00000  266.42932  37.3%  1868  652s
  2760  2939  241.39057  211  721  194.00000  266.42932  37.3%  1862  668s
  2938  3130  239.95861  225  663  194.00000  266.42932  37.3%  1852  683s
  3129  3345  236.51803  229  610  194.00000  266.42932  37.3%  1841  698s
  3344  3607  236.01739  236  638  194.00000  266.42932  37.3%  1824  714s
  3606  3896  233.91433  245  663  194.00000  266.42932  37.3%  1792  730s
  3895  4247  233.20329  252  644  194.00000  266.42932  37.3%  1758  746s
  4246  4596  231.00970  267  603  194.00000  266.42932  37.3%  1709  765s
  4638  4763  228.92180  269  623  194.00000  266.42932  37.3%  1665  785s
  4805  4771  225.45478  276  552  194.00000  266.42932  37.3%  1676  803s
  4813  4784  226.82362  277  618  194.00000  266.42932  37.3%  1678  820s
  4826  4845  224.58884  277  536  194.00000  266.42932  37.3%  1678  837s
  4897  4973  223.54407  286  562  194.00000  265.55726  36.9%  1682  858s
  5026  4974  258.72387   13 1098  194.00000  265.55726  36.9%  1695 1056s
  5028  4975  197.58588  621 1401  194.00000  263.16890  35.7%  1695 1477s
  5029  4976  200.68867  599 1301  194.00000  262.95707  35.5%  1694 1662s
  5030  4977  211.14648  564  981  194.00000  261.35119  34.7%  1694 1810s
  5031  4977  249.79654  156  865  194.00000  261.35100  34.7%  1694 1825s
  5032  4978  207.47685  579 1134  194.00000  261.28413  34.7%  1693 1840s
  5033  4979  252.77454  133 1149  194.00000  261.28297  34.7%  1693 1848s
  5034  4979  196.41417  527 1201  194.00000  261.27049  34.7%  1693 1854s
  5035  4980  224.71927  442 1214  194.00000  261.27049  34.7%  1692 1857s
  5037  4981  256.62551  110 1188  194.00000  261.00349  34.5%  1692 2031s
  5038  4982  214.66749  544 1155  194.00000  261.00349  34.5%  1691 2093s
  5039  4983  259.01931   43 1187  194.00000  260.76350  34.4%  1691 2150s
  5042  4985  258.96846   48 1169  194.00000  260.76349  34.4%  1690 2168s
  5043  4985  227.90392  326 1202  194.00000  260.73729  34.4%  1690 2175s
  5045  4987  218.82059  417 1194  194.00000  260.73729  34.4%  1689 2180s
  5046  4987  203.67041  479 1201  194.00000  260.69869  34.4%  1689 2191s
  5048  4989  245.15723  180 1204  194.00000  260.68675  34.4%  1688 2196s
  5050  4990  227.17545  270 1232  194.00000  260.68007  34.4%  1687 2216s
  5051  4991  229.71515  366 1272  194.00000  260.65429  34.4%  1687 2221s
  5053  4992  243.92113  139 1257  194.00000  260.64387  34.4%  1686 2226s
  5054  4993  232.88786  250 1221  194.00000  260.64354  34.4%  1686 2252s
  5055  4993  257.47441   97 1290  194.00000  260.57917  34.3%  1686 2264s
  5056  4994  243.35747  171 1297  194.00000  260.57917  34.3%  1685 2265s
  5057  4995  214.77420  500 1289  194.00000  260.56365  34.3%  1685 2271s
  5058  4995  197.78854  540 1240  194.00000  260.45194  34.3%  1685 2284s
  5059  4996  240.09491  254 1229  194.00000  260.36547  34.2%  1684 2290s
  5061  4997  254.68460  108 1237  194.00000  260.34567  34.2%  1684 2295s
  5062  4998  238.74936  267 1263  194.00000  259.90987  34.0%  1683 2313s
  5063  4999  240.94614  230 1277  194.00000  259.82149  33.9%  1683 2322s
  5065  5000  259.79792   21 1271  194.00000  259.79792  33.9%  1682 2328s
  5066  5001  213.25018  510 1261  194.00000  259.37679  33.7%  1682 2342s
  5067  5001  247.68427  158 1327  194.00000  259.24976  33.6%  1682 2348s
  5068  5002  259.22442   18 1321  194.00000  259.22442  33.6%  1681 2350s
  5069  5003  259.21878   14 1320  194.00000  259.21878  33.6%  1681 2355s
  5070  5003  246.85820  238 1311  194.00000  258.91740  33.5%  1681 2372s
  5071  5004  220.55040  294 1276  194.00000  258.85729  33.4%  1680 2379s
  5072  5005  235.12790  234 1280  194.00000  258.83962  33.4%  1680 2380s
  5073  5005  247.76200  174 1280  194.00000  258.83470  33.4%  1680 2385s
  5074  5006  223.67465  374 1302  194.00000  258.41428  33.2%  1679 2400s
  5075  5007  253.96867  115 1293  194.00000  258.31761  33.2%  1679 2405s
  5078  5009  238.79011  264 1311  194.00000  258.27988  33.1%  1678 2413s
  5079  5009  201.53016  613 1253  194.00000  257.94166  33.0%  1678 2459s
  5080  5010  234.61328  346 1274  194.00000  257.85679  32.9%  1677 2490s
  5082  5011  251.72385  109 1269  194.00000  257.81808  32.9%  1677 2497s
  5083  5012  229.05934  426 1279  194.00000  257.61617  32.8%  1676 2510s
  5085  5013  236.51348  234 1311  194.00000  257.54277  32.8%  1676 2516s
  5086  5014  256.34759   59 1321  194.00000  257.53666  32.8%  1675 2520s
  5087  5015  219.57505  459 1307  194.00000  257.27164  32.6%  1675 2531s
  5088  5015  253.39722   97 1319  194.00000  257.20176  32.6%  1675 2535s
  5090  5017  200.94837  530 1317  194.00000  257.17338  32.6%  1674 2542s
  5091  5017  248.98610  192 1267  194.00000  256.89917  32.4%  1674 2553s
  5092  5018  250.14355  194 1275  194.00000  256.81641  32.4%  1673 2557s
  5094  5019  207.30319  459 1285  194.00000  256.79414  32.4%  1673 2563s
  5095  5020  256.32919   60 1278  194.00000  256.77605  32.4%  1672 2567s
  5096  5021  218.82150  448 1276  194.00000  256.77093  32.4%  1672 2571s
  5099  5023  206.28188  481 1290  194.00000  256.75396  32.3%  1671 2575s
  5108  5030  243.65889  291 1401  194.00000  256.75080  32.3%  1755 2713s
  5109  5031  229.80110  318 1290  194.00000  256.75080  32.3%  1755 2780s
  5110  5032  226.98617  399  986  194.00000  256.75080  32.3%  1754 2814s
  5111  5032  254.42899   26  838  194.00000  256.75080  32.3%  1754 2828s
  5112  5033  242.61818  309 1124  194.00000  256.75080  32.3%  1754 2848s
  5113  5034  239.14862  223 1200  194.00000  256.75080  32.3%  1753 2861s
  5114  5034  256.75080   33 1236  194.00000  256.75080  32.3%  1753 2873s
  5115  5035  210.01204  541 1255  194.00000  256.75080  32.3%  1753 2881s
  5116  5036  251.18367   71 1255  194.00000  256.75078  32.3%  1752 2887s
  5118  5037  237.44751  312 1267  194.00000  256.75078  32.3%  1752 2891s
  5119  5038  205.76507  462 1294  194.00000  256.53956  32.2%  1751 2928s
  5120  5038  247.42574  197 1315  194.00000  256.53956  32.2%  1751 2943s
  5121  5039  236.22431  226 1306  194.00000  256.52941  32.2%  1750 2946s
  5122  5040  256.52278   18 1310  194.00000  256.52278  32.2%  1750 2951s
  5123  5040  195.84891  637 1266  194.00000  256.27754  32.1%  1750 2971s
  5124  5041  239.98025  292 1278  194.00000  256.23427  32.1%  1749 2979s
  5125  5042  234.26979  204 1281  194.00000  256.22143  32.1%  1749 2980s
  5126  5042  256.21867   13 1284  194.00000  256.21867  32.1%  1749 2986s
  5127  5043  243.64509  140 1258  194.00000  255.98548  32.0%  1748 3001s
  5129  5044  200.68867  599 1323  194.00000  255.93241  31.9%  1748 3006s
  5130  5045  211.14648  564 1306  194.00000  255.92865  31.9%  1747 3011s
  5131  5046  249.79654  156 1282  194.00000  255.73150  31.8%  1747 3031s
  5132  5046  207.47685  579 1330  194.00000  255.68919  31.8%  1747 3038s
  5133  5047  252.77454  133 1334  194.00000  255.67490  31.8%  1746 3040s
  5135  5048  224.71927  442 1287  194.00000  255.58091  31.7%  1746 3069s
  5136  5049  238.98628  257 1290  194.00000  255.56616  31.7%  1745 3082s
  5137  5050  255.56010  110 1289  194.00000  255.56010  31.7%  1745 3087s
  5138  5050  214.66749  544 1286  194.00000  255.38199  31.6%  1745 3106s
  5139  5051  255.33340   43 1347  194.00000  255.33340  31.6%  1744 3114s
  5140  5052  218.10674  458 1339  194.00000  255.32345  31.6%  1744 3117s
  5141  5052  235.35817  281 1294  194.00000  255.24149  31.6%  1744 3126s
  5143  5054  227.90392  326 1297  194.00000  255.21771  31.6%  1743 3133s
  5144  5054  254.98195   24 1328  194.00000  254.98195  31.4%  1743 3147s
  5145  5055  218.82059  417 1345  194.00000  254.91877  31.4%  1742 3154s
  5146  5056  203.67041  479 1284  194.00000  254.90123  31.4%  1742 3157s
  5148  5057  245.15723  180 1287  194.00000  254.88776  31.4%  1741 3164s
  5149  5058  233.55239  289 1298  194.00000  254.88684  31.4%  1741 3165s
  5150  5058  227.17545  270 1280  194.00000  254.75249  31.3%  1741 3175s
  5152  5060  232.73703  315 1299  194.00000  254.70243  31.3%  1740 3184s
  5153  5060  243.92113  139 1283  194.00000  254.50406  31.2%  1740 3197s
  5154  5061  232.88786  250 1346  194.00000  254.43793  31.2%  1739 3202s
  5156  5062  243.35747  171 1290  194.00000  254.41893  31.1%  1739 3206s
  5157  5063  214.77420  500 1289  194.00000  254.29944  31.1%  1738 3217s
  5158  5064  197.78854  540 1302  194.00000  254.26577  31.1%  1738 3220s
  5160  5065  200.24270  534 1302  194.00000  254.11566  31.0%  1737 3234s
  5161  5066  254.08239  108 1303  194.00000  254.08239  31.0%  1737 3238s
  5162  5066  238.74936  267 1298  194.00000  254.07140  31.0%  1737 3240s
  5164  5068  222.64553  389 1294  194.00000  253.95666  30.9%  1736 3255s
  5165  5068  253.92636   21 1357  194.00000  253.92636  30.9%  1736 3260s
  5166  5069  213.25018  510 1359  194.00000  253.91902  30.9%  1735 3265s
  5167  5070  247.68427  158 1352  194.00000  253.91212  30.9%  1735 3270s
  5169  5071  253.90469   14 1301  194.00000  253.90469  30.9%  1734 3275s
  5174  5074  223.67465  374 1359  194.00000  253.89817  30.9%  1733 3280s
  5176  5076  195.06744  549 1358  194.00000  253.89773  30.9%  1732 3294s
H 5176  4821                     195.0000000  253.89773  30.2%  1732 3392s
  5177  4821  218.69194  283 1358  195.00000  253.89773  30.2%  1732 3400s
  5178  4824  253.83989   23 1293  195.00000  253.89766  30.2%  1819 3405s
  5179  4825  253.78265   24 1289  195.00000  253.89766  30.2%  1819 3412s
  5180  4825  253.24101   23 1285  195.00000  253.83948  30.2%  1820 3426s
  5181  4828  253.58165   25 1320  195.00000  253.78261  30.1%  1820 3441s
  5184  4828  252.81819   25 1205  195.00000  253.58163  30.0%  1822 3469s
  5185  4833  251.70625   26 1109  195.00000  253.58163  30.0%  1825 3504s
  5190  4839  250.92635   27 1173  195.00000  253.58163  30.0%  1834 3545s
  5198  4874  250.85845   28 1173  195.00000  253.58163  30.0%  1850 3578s
  5236  4868  250.56379   33 1173  195.00000  253.58163  30.0%  1870 3591s
  5242  4873  250.48769   34 1166  195.00000  253.58163  30.0%  1872 3600s

Cutting planes:
  Lift-and-project: 1764
  Implied bound: 31
  MIR: 218
  StrongCG: 7
  Flow cover: 346
  RLT: 1510
  Relax-and-lift: 2
  BQP: 40

Explored 5249 nodes (10070082 simplex iterations) in 3600.01 seconds (8396.91 work units)
Thread count was 16 (of 16 available processors)

Solution count 4: 195 194 192 191 

Time limit reached
Best objective 1.950000000000e+02, best bound 2.530000000000e+02, gap 29.7436%
