
Gurobi 13.0.3 (linux64) logging started Sun Sep 13 08:44:38 2026

Set parameter LogFile to value "Logs/Gurobi/dags_m0075_s4.txt"
Gurobi Optimizer version 13.0.3 build v13.0.3rc0 (linux64 - "Ubuntu 24.04.4 LTS")

CPU model: AMD Ryzen 7 7700 8-Core Processor, instruction set [SSE2|AVX|AVX2|AVX512]
Thread count: 8 physical cores, 16 logical processors, using up to 16 threads

Non-default parameters:
TimeLimit  3600
LogToConsole  0

Academic license 2863599 - for non-commercial use only - registered to be___@usm.cl
Optimize a model with 23192 rows, 13047 columns and 50637 nonzeros (Max)
Model fingerprint: 0x99df0b1e
Model has 11552 linear objective coefficients
Variable types: 11552 continuous, 1495 integer (1495 binary)
Coefficient statistics:
  Matrix range     [1e+00, 5e+01]
  Objective range  [1e+00, 7e+00]
  Bounds range     [1e+00, 1e+00]
  RHS range        [1e+00, 1e+00]

Warning: Completing partial solution with 1420 unfixed non-continuous variables out of 1495
User MIP start produced solution with objective 175 (0.01s)
Loaded user MIP start with objective 175

Presolve removed 409 rows and 206 columns
Presolve time: 0.09s
Presolved: 22783 rows, 12841 columns, 49746 nonzeros
Variable types: 11349 continuous, 1492 integer (1492 binary)

Root simplex log...

Iteration    Objective       Primal Inf.    Dual Inf.      Time
   34672    7.6607848e+02   3.326578e+02   0.000000e+00      5s
   44123    7.6233386e+02   0.000000e+00   0.000000e+00      7s

Root relaxation: objective 7.623339e+02, 44123 iterations, 7.27 seconds (18.84 work units)

    Nodes    |    Current Node    |     Objective Bounds      |     Work
 Expl Unexpl |  Obj  Depth IntInf | Incumbent    BestBd   Gap | It/Node Time

     0     0  762.33386    0 1333  175.00000  762.33386   336%     -    7s
H    0     0                     176.0000000  762.33386   333%     -    7s
     0     0  475.81240    0 1202  176.00000  475.81240   170%     -   34s
     0     0  315.30130    0  956  176.00000  315.30130  79.1%     -   54s
     0     0  301.89864    0 1036  176.00000  301.89864  71.5%     -   63s
     0     0  301.59896    0 1035  176.00000  301.59896  71.4%     -   65s
     0     0  301.58277    0 1080  176.00000  301.58277  71.4%     -   65s
     0     0  256.69699    0 1075  176.00000  256.69699  45.9%     -   76s
     0     0  256.54493    0 1077  176.00000  256.54493  45.8%     -   77s
     0     0  255.67049    0 1090  176.00000  255.67049  45.3%     -   84s
     0     0  255.66942    0 1090  176.00000  255.66942  45.3%     -   85s
     0     0  255.66942    0 1090  176.00000  255.66942  45.3%     -   85s
     0     2  255.66942    0 1090  176.00000  255.66942  45.3%     -  101s
     1     4  255.55785    1 1099  176.00000  255.65989  45.3%  1129  107s
     3     8  255.20221    2 1120  176.00000  255.54098  45.2%  4790  114s
     7    16  255.09990    3 1117  176.00000  255.19948  45.0%  4969  120s
    15    24  254.93451    4 1105  176.00000  255.09928  44.9%  4409  128s
    23    32  254.87965    5 1100  176.00000  255.09928  44.9%  3926  139s
    31    40  254.85601    6 1106  176.00000  255.09928  44.9%  4110  148s
    39    48  254.56176    7 1162  176.00000  255.09928  44.9%  3619  155s
    47    56  254.48938    8 1154  176.00000  255.09928  44.9%  3421  164s
    55    64  254.38367    9 1136  176.00000  255.09928  44.9%  3253  175s
    63    72  254.14132   10 1187  176.00000  255.09928  44.9%  3834  185s
    71    80  254.03687   11 1190  176.00000  255.09928  44.9%  3622  194s
    79    88  251.06580   11 1080  176.00000  255.09928  44.9%  3756  205s
    87    96  254.01160   12 1177  176.00000  255.09928  44.9%  3638  212s
    95   104  253.93238   13 1180  176.00000  255.09928  44.9%  3505  221s
   103   112  253.85474   14 1180  176.00000  255.09928  44.9%  3392  229s
   111   120  253.42102   15 1137  176.00000  255.09928  44.9%  3377  238s
   119   131  253.23330   15 1137  176.00000  255.09928  44.9%  3357  248s
   130   144  253.40259   16 1118  176.00000  255.09928  44.9%  3182  258s
   143   160  253.31459   17 1123  176.00000  255.09928  44.9%  3154  265s
   159   180  253.19243   18 1126  176.00000  255.09928  44.9%  3004  271s
   179   200  253.13904   19 1126  176.00000  255.09928  44.9%  2798  278s
   199   220  253.11505   20 1129  176.00000  255.09928  44.9%  2680  285s
   219   247  253.01309   21 1134  176.00000  255.09928  44.9%  2589  290s
   246   284  252.97109   22 1131  176.00000  255.09928  44.9%  2470  296s
   283   305  252.73083   23 1118  176.00000  255.09928  44.9%  2351  303s
   304   347  252.69233   24 1115  176.00000  255.09928  44.9%  2273  310s
   346   401  252.48302   25 1128  176.00000  255.09928  44.9%  2177  317s
   400   439  252.03528   29 1139  176.00000  255.09928  44.9%  2059  323s
   438   494  251.67849   34 1132  176.00000  255.09928  44.9%  2002  332s
   493   545  251.29402   38 1100  176.00000  255.09928  44.9%  1979  339s
   544   612  249.72469   41 1078  176.00000  255.09928  44.9%  1960  345s
   611   674  250.02027   46 1034  176.00000  255.09928  44.9%  1902  351s
   673   752  249.56718   51 1053  176.00000  255.09928  44.9%  1881  358s
   751   768  249.13503   55 1044  176.00000  255.09928  44.9%  1825  370s
   767   861  249.01998   57 1055  176.00000  255.09928  44.9%  1819  377s
   860   940  248.43513   65 1126  176.00000  255.09928  44.9%  1751  384s
   939  1027  248.22774   67 1095  176.00000  255.09928  44.9%  1733  391s
  1026  1106  247.85078   71 1047  176.00000  255.09928  44.9%  1705  397s
  1105  1193  247.29835   75 1108  176.00000  255.09928  44.9%  1693  406s
  1192  1284  246.65228   83  975  176.00000  255.09928  44.9%  1678  413s
  1283  1392  245.56860   94  935  176.00000  255.09928  44.9%  1664  420s
  1391  1482  244.54741  106  962  176.00000  255.09928  44.9%  1632  428s
  1481  1559  243.56893  114  883  176.00000  255.09928  44.9%  1631  436s
  1558  1664  242.33706  123  905  176.00000  255.09928  44.9%  1649  445s
  1663  1764  240.99190  137  937  176.00000  255.09928  44.9%  1643  453s
  1763  1889  240.09786  147  915  176.00000  255.09928  44.9%  1646  462s
  1888  2003  239.62440  154  880  176.00000  255.09928  44.9%  1632  471s
  2002  2039  238.61399  161  848  176.00000  255.09928  44.9%  1634  480s
  2038  2175  238.23652  163  865  176.00000  255.09928  44.9%  1637  489s
  2174  2302  236.56991  174  847  176.00000  255.09928  44.9%  1628  499s
  2301  2451  235.26685  188  836  176.00000  255.09928  44.9%  1628  509s
  2450  2628  233.55474  196  857  176.00000  255.09928  44.9%  1620  519s
  2627  2819  231.98378  209  844  176.00000  255.09928  44.9%  1600  530s
  2818  3014  230.31792  220  847  176.00000  255.09928  44.9%  1580  541s
  3013  3211  228.39265  235  809  176.00000  255.09928  44.9%  1567  551s
  3210  3452  226.19496  249  775  176.00000  255.09928  44.9%  1558  563s
  3451  3727  220.56675  266  683  176.00000  255.09928  44.9%  1537  574s
  3726  4036  221.96949  285  722  176.00000  255.09928  44.9%  1509  586s
  4035  4441  219.05188  303  690  176.00000  255.09928  44.9%  1483  598s
  4446  4767  216.12477  329  650  176.00000  255.09928  44.9%  1434  611s
  4798  5004  212.18567  348  632  176.00000  255.09928  44.9%  1408  625s
  5066  5152  207.99914  371  596  176.00000  255.09928  44.9%  1398  640s
  5230  5360  203.10031  399  581  176.00000  255.09928  44.9%  1407  655s
  5440  5567  196.76084  421  533  176.00000  255.09928  44.9%  1408  673s
  5669  5575  192.93372  455  488  176.00000  255.09928  44.9%  1404  689s
  5677  5583  191.33515  455  437  176.00000  255.09928  44.9%  1406  705s
  5685  5614  192.87196  456  482  176.00000  255.09928  44.9%  1408  721s
  5716  5726  188.32800  474  473  176.00000  255.09928  44.9%  1411  737s
  5832  5789  179.15445  569  325  176.00000  254.01160  44.3%  1398  753s
  5911  5890  250.32128   12 1009  176.00000  254.01160  44.3%  1404  773s
  6013  5891  230.25438  215 1090  176.00000  254.01160  44.3%  1425  974s
  6015  5892  242.97292   61 1333  176.00000  252.28312  43.3%  1425 1420s
  6016  5893  189.22869  499 1208  176.00000  252.15354  43.3%  1424 1597s
  6017  5894  197.63260  439  940  176.00000  250.63769  42.4%  1424 1732s
  6018  5894  231.84246  211 1054  176.00000  250.61046  42.4%  1424 1744s
  6019  5895  237.35378  132 1184  176.00000  250.56626  42.4%  1424 1751s
  6020  5896  243.86411   41 1188  176.00000  250.56626  42.4%  1423 1756s
  6021  5896  179.88050  570 1202  176.00000  250.55927  42.4%  1423 1760s
  6024  5898  201.17588  395 1183  176.00000  250.19729  42.2%  1422 1926s
  6025  5899  179.37871  606 1223  176.00000  250.19729  42.2%  1422 1980s
  6026  5900  246.72278   25 1234  176.00000  250.12484  42.1%  1422 2030s
  6027  5900  194.89748  534 1191  176.00000  250.12484  42.1%  1422 2037s
  6028  5901  249.30859   14 1182  176.00000  250.12484  42.1%  1422 2040s
H 6028  5605                     177.0000000  250.12484  41.3%  1422 2042s
  6031  5607  247.19212   77 1238  177.00000  250.12484  41.3%  1421 2049s
  6032  5608  238.79984  135 1234  177.00000  250.10396  41.3%  1421 2052s
  6034  5609  181.87613  539 1236  177.00000  250.10396  41.3%  1420 2055s
  6036  5610  203.98095  395 1230  177.00000  250.09554  41.3%  1420 2060s
  6039  5612  184.37583  508 1231  177.00000  250.05675  41.3%  1419 2065s
  6042  5614  208.57944  369 1231  177.00000  250.05651  41.3%  1418 2076s
  6043  5615  224.35885  226 1231  177.00000  250.05651  41.3%  1418 2151s
  6044  5619  250.05651   15 1215  177.00000  250.05651  41.3%  1453 2162s
  6046  5620  250.05651   16 1211  177.00000  250.05651  41.3%  1455 2171s
  6048  5624  250.05651   17 1203  177.00000  250.05651  41.3%  1455 2183s
  6053  5631  250.05651   18 1204  177.00000  250.05651  41.3%  1459 2194s
  6061  5652  250.05651   19 1205  177.00000  250.05651  41.3%  1468 2211s
  6085  5662  250.05651   21 1194  177.00000  250.05651  41.3%  1479 2223s
  6103  5664  250.05651   22 1204  177.00000  250.05651  41.3%  1488 2228s
  6111  5673  244.91029   22 1011  177.00000  250.05651  41.3%  1489 2239s
  6123  5682  250.05651   23 1177  177.00000  250.05651  41.3%  1495 2249s
  6136  5692  250.05651   24 1169  177.00000  250.05651  41.3%  1501 2259s
  6150  5700  250.05651   25 1176  177.00000  250.05651  41.3%  1513 2272s
  6163  5704  250.05651   26 1150  177.00000  250.05651  41.3%  1521 2280s
  6171  5710  248.99139   26 1128  177.00000  250.05651  41.3%  1524 2288s
  6180  5716  250.05651   27 1164  177.00000  250.05651  41.3%  1533 2295s
  6189  5722  249.02831   27 1125  177.00000  250.05651  41.3%  1538 2309s
  6198  5728  250.05651   28 1155  177.00000  250.05651  41.3%  1547 2316s
  6207  5734  249.62907   28 1119  177.00000  250.05651  41.3%  1553 2326s
  6216  5741  250.05651   29 1166  177.00000  250.05651  41.3%  1562 2332s
  6226  5745  245.98919   28 1010  177.00000  250.05651  41.3%  1566 2342s
  6233  5753  250.05651   30 1163  177.00000  250.05651  41.3%  1574 2348s
  6243  5758  245.07349   29  981  177.00000  250.05651  41.3%  1576 2360s
  6252  5767  250.05651   31 1180  177.00000  250.05651  41.3%  1584 2366s
  6264  5772  250.05651   31 1040  177.00000  250.05651  41.3%  1587 2378s
  6273  5782  250.05651   32 1130  177.00000  250.05651  41.3%  1598 2386s
  6286  5788  250.05651   32 1089  177.00000  250.05651  41.3%  1603 2396s
  6296  5802  250.05651   33 1153  177.00000  250.05651  41.3%  1614 2406s
  6313  5814  248.10961   33 1080  177.00000  250.05651  41.3%  1624 2417s
  6331  5827  250.05651   34 1125  177.00000  250.05651  41.3%  1637 2431s
  6350  5848  249.29307   34 1146  177.00000  250.05651  41.3%  1651 2443s
  6377  5853  250.05651   35 1122  177.00000  250.05651  41.3%  1665 2456s
  6391  5872  248.34284   35 1063  177.00000  250.05651  41.3%  1671 2470s
  6415  5895  250.05651   36 1123  177.00000  250.05651  41.3%  1683 2483s
  6446  5924  250.05651   37 1133  177.00000  250.05651  41.3%  1698 2496s
  6485  5952  248.25995   38 1141  177.00000  250.05651  41.3%  1719 2509s
  6526  5974  248.24576   39 1150  177.00000  250.05651  41.3%  1732 2521s
  6562  5983  248.11135   41 1133  177.00000  250.05651  41.3%  1746 2535s
  6583  6013  247.57025   43 1043  177.00000  250.05651  41.3%  1760 2548s
  6620  6036  247.44188   45 1026  177.00000  250.05651  41.3%  1773 2562s
  6655  6066  244.79642   46  967  177.00000  250.05651  41.3%  1792 2577s
  6697  6099  247.14735   48 1026  177.00000  250.05651  41.3%  1808 2592s
  6744  6132  246.88897   50 1034  177.00000  250.05651  41.3%  1827 2607s
  6793  6169  244.36054   52  949  177.00000  250.05651  41.3%  1848 2626s
  6846  6204  246.55969   55  991  177.00000  250.05651  41.3%  1869 2642s
  6899  6195  246.27378   58  961  177.00000  250.05651  41.3%  1889 2655s
  6907  6233  242.93185   58  923  177.00000  250.05651  41.3%  1892 2672s
  6948  6278  245.82233   61  968  177.00000  250.05651  41.3%  1907 2689s
  7007  6320  245.71740   64 1004  177.00000  250.05651  41.3%  1931 2708s
  7068  6368  245.37202   67  975  177.00000  250.05651  41.3%  1949 2727s
  7137  6415  244.98530   70  957  177.00000  250.05651  41.3%  1973 2746s
  7207  6468  244.84661   73  967  177.00000  250.05651  41.3%  1995 2768s
  7283  6458  244.44592   77  992  177.00000  250.05651  41.3%  2022 2786s
  7298  6534  241.05983   77  859  177.00000  250.05651  41.3%  2024 2808s
  7379  6603  243.91999   81 1008  177.00000  250.05651  41.3%  2046 2830s
  7475  6662  243.45698   85 1019  177.00000  250.05651  41.3%  2069 2854s
  7566  6724  243.01635   89  935  177.00000  250.05651  41.3%  2093 2876s
  7659  6802  239.73275   92  913  177.00000  250.05651  41.3%  2121 2899s
  7768  6871  242.45100   95  987  177.00000  250.05651  41.3%  2143 2923s
  7873  6961  241.79499   99  989  177.00000  250.05651  41.3%  2168 2948s
  7998  7028  241.35357  103  998  177.00000  250.05651  41.3%  2193 2974s
  8107  7049  238.77956  109  839  177.00000  250.05651  41.3%  2213 2998s
  8164  7094  239.95222  115  860  177.00000  250.05651  41.3%  2226 3025s
  8228  7186  239.45181  121  842  177.00000  250.05651  41.3%  2240 3053s
H 8341  6875                     180.0000000  250.05651  38.9%  2256 3084s
  8349  7054  236.57198  127  829  180.00000  250.05651  38.9%  2257 3112s
  8531  7196  237.78887  135  896  180.00000  250.05651  38.9%  2277 3143s
  8733  7371  236.75636  142  844  180.00000  250.05651  38.9%  2295 3174s
  8976  7519  235.90863  149  847  180.00000  250.05651  38.9%  2306 3206s
  9205  7746  234.62344  156  855  180.00000  250.05651  38.9%  2313 3237s
  9508  7979  233.60952  166  791  180.00000  250.05651  38.9%  2316 3269s
  9842  8240  232.28026  176  836  180.00000  250.05651  38.9%  2314 3300s
 10218  8460  227.04792  187  718  180.00000  250.05651  38.9%  2303 3336s
 10602  8769  229.90037  199  676  180.00000  250.05651  38.9%  2292 3369s
 11039  9008  226.66470  211  739  180.00000  250.05651  38.9%  2276 3403s
 11512  9182  224.83277  223  696  180.00000  250.05651  38.9%  2244 3440s
 11844  9513  222.20918  237  682  180.00000  250.05651  38.9%  2246 3476s
 12286  9782  220.87213  253  690  180.00000  250.05651  38.9%  2232 3517s
 12750  9877  218.93676  270  623  180.00000  250.05651  38.9%  2216 3557s
 13036  9880  214.85064  289  594  180.00000  250.05651  38.9%  2210 3598s
 13140  9854  217.38932  290  624  180.00000  250.05651  38.9%  2215 3600s

Cutting planes:
  Gomory: 11
  Lift-and-project: 128
  Cover: 2
  MIR: 590
  StrongCG: 5
  Flow cover: 294
  RLT: 1438
  Relax-and-lift: 4
  BQP: 45

Explored 13149 nodes (29312247 simplex iterations) in 3600.01 seconds (10311.14 work units)
Thread count was 16 (of 16 available processors)

Solution count 4: 180 177 176 175 

Time limit reached
Best objective 1.800000000000e+02, best bound 2.500000000000e+02, gap 38.8889%
