
Gurobi 13.0.3 (linux64) logging started Sun Sep 13 11:44:39 2026

Set parameter LogFile to value "Logs/Gurobi/dags_m0075_s2.txt"
Gurobi Optimizer version 13.0.3 build v13.0.3rc0 (linux64 - "Ubuntu 24.04.4 LTS")

CPU model: AMD Ryzen 7 7700 8-Core Processor, instruction set [SSE2|AVX|AVX2|AVX512]
Thread count: 8 physical cores, 16 logical processors, using up to 16 threads

Non-default parameters:
TimeLimit  3600
LogToConsole  0

Academic license 2863599 - for non-commercial use only - registered to be___@usm.cl
Optimize a model with 29719 rows, 16408 columns and 63985 nonzeros (Max)
Model fingerprint: 0x3c5f8d56
Model has 14808 linear objective coefficients
Variable types: 14808 continuous, 1600 integer (1600 binary)
Coefficient statistics:
  Matrix range     [1e+00, 5e+01]
  Objective range  [1e+00, 7e+00]
  Bounds range     [1e+00, 1e+00]
  RHS range        [1e+00, 1e+00]

Warning: Completing partial solution with 1525 unfixed non-continuous variables out of 1600
User MIP start produced solution with objective 150 (0.01s)
Loaded user MIP start with objective 150

Presolve removed 1335 rows and 669 columns
Presolve time: 0.13s
Presolved: 28384 rows, 15739 columns, 61244 nonzeros
Variable types: 14142 continuous, 1597 integer (1597 binary)

Root simplex log...

Iteration    Objective       Primal Inf.    Dual Inf.      Time
   35470    9.1144648e+02   2.278940e+04   0.000000e+00      5s
   51252    8.9970139e+02   0.000000e+00   0.000000e+00     10s

Root relaxation: objective 8.997014e+02, 51252 iterations, 9.81 seconds (24.55 work units)

    Nodes    |    Current Node    |     Objective Bounds      |     Work
 Expl Unexpl |  Obj  Depth IntInf | Incumbent    BestBd   Gap | It/Node Time

     0     0  899.70139    0 1402  150.00000  899.70139   500%     -   10s
H    0     0                     153.0000000  899.70139   488%     -   10s
H    0     0                     155.0000000  899.70139   480%     -   10s
H    0     0                     161.0000000  553.32409   244%     -   44s
     0     0  553.32409    0 1214  161.00000  553.32409   244%     -   45s
H    0     0                     164.0000000  553.30902   237%     -   47s
H    0     0                     165.0000000  350.49483   112%     -   69s
H    0     0                     166.0000000  350.49483   111%     -   69s
H    0     0                     168.0000000  350.49483   109%     -   69s
H    0     0                     169.0000000  350.49483   107%     -   69s
H    0     0                     171.0000000  350.49483   105%     -   69s
     0     0  350.49483    0  963  171.00000  350.49483   105%     -   70s
H    0     0                     172.0000000  324.36476  88.6%     -   79s
     0     0  324.36476    0  912  172.00000  324.36476  88.6%     -   81s
     0     0  322.37178    0  886  172.00000  322.37178  87.4%     -   84s
     0     0  322.04044    0  917  172.00000  322.04044  87.2%     -   85s
     0     0  322.02099    0  883  172.00000  322.02099  87.2%     -   86s
     0     0  250.26722    0  953  172.00000  250.26722  45.5%     -   99s
     0     0  249.53163    0  978  172.00000  249.53163  45.1%     -  103s
     0     0  249.50270    0  971  172.00000  249.50270  45.1%     -  104s
     0     0  248.39561    0 1030  172.00000  248.39561  44.4%     -  112s
     0     0  248.39532    0 1030  172.00000  248.39532  44.4%     -  112s
     0     0  248.39532    0 1030  172.00000  248.39532  44.4%     -  112s
H    0     0                     175.0000000  248.39422  41.9%     -  124s
     0     2  248.39422    0 1030  175.00000  248.39422  41.9%     -  127s
     1     3  248.13552    1 1011  175.00000  248.39422  41.9%  2793  132s
     2     6  247.87722    2 1032  175.00000  248.39422  41.9%  2940  136s
     5    11  247.49784    3 1031  175.00000  247.87651  41.6%  3545  143s
    10    19  247.32097    4 1060  175.00000  247.49778  41.4%  4642  148s
    18    22  247.20304    5 1060  175.00000  247.32089  41.3%  5483  156s
    21    29  246.61441    6 1022  175.00000  247.32089  41.3%  5632  167s
H   25    29                     176.0000000  247.32089  40.5%  5704  167s
    28    37  246.51261    7 1029  176.00000  247.32089  40.5%  5697  172s
    36    45  246.48511    8 1002  176.00000  247.32089  40.5%  5246  179s
    44    54  246.05565    9 1027  176.00000  247.32089  40.5%  4782  186s
    53    63  245.69720    9  972  176.00000  247.32089  40.5%  4456  192s
    62    73  245.61459   10 1035  176.00000  247.32089  40.5%  4240  200s
H   68    73                     179.0000000  247.32089  38.2%  4079  200s
    72   100  243.97295   10  960  179.00000  247.32089  38.2%  4017  207s
H   75   100                     180.0000000  247.32089  37.4%  3976  207s
    99   115  245.41068   12 1025  180.00000  247.32089  37.4%  3481  214s
   114   129  242.47419   12  977  180.00000  247.32089  37.4%  3392  221s
   128   149  245.38424   13  998  180.00000  247.32089  37.4%  3250  225s
   175   197  245.02884   15 1004  180.00000  247.32089  37.4%  2797  234s
   196   220  244.99680   16 1028  180.00000  247.32089  37.4%  2735  237s
   219   248  244.95067   17  991  180.00000  247.32089  37.4%  2586  242s
   247   278  244.93662   18 1045  180.00000  247.32089  37.4%  2424  246s
   277   307  244.56083   21 1063  180.00000  247.32089  37.4%  2299  256s
   306   340  244.51871   22 1077  180.00000  247.32089  37.4%  2213  260s
   339   363  244.39766   26 1030  180.00000  247.32089  37.4%  2109  265s
   391   429  243.67982   31 1027  180.00000  247.32089  37.4%  2029  274s
   428   462  243.43878   34 1027  180.00000  247.32089  37.4%  1954  278s
   461   501  243.17583   39 1012  180.00000  247.32089  37.4%  1934  282s
   500   541  242.90493   44 1039  180.00000  247.32089  37.4%  1885  288s
   540   580  242.51700   47  960  180.00000  247.32089  37.4%  1850  293s
   579   639  242.27554   49  938  180.00000  247.32089  37.4%  1824  299s
   638   695  241.96727   56  950  180.00000  247.32089  37.4%  1750  304s
   694   745  241.65778   64  898  180.00000  247.32089  37.4%  1695  310s
   744   796  241.34425   71  925  180.00000  247.32089  37.4%  1672  318s
   795   855  240.87645   80  903  180.00000  247.32089  37.4%  1644  324s
   854   903  240.45028   88  891  180.00000  247.32089  37.4%  1614  330s
H  902   911                     181.0000000  247.32089  36.6%  1608  334s
H  904   911                     184.0000000  247.32089  34.4%  1606  334s
   910   964  239.89705   96  860  184.00000  247.32089  34.4%  1601  341s
   963  1009  239.38389  104  837  184.00000  247.32089  34.4%  1597  349s
  1008  1065  238.72261  111  823  184.00000  247.32089  34.4%  1612  355s
  1064  1121  238.53964  114  850  184.00000  247.32089  34.4%  1606  361s
  1120  1129  238.20775  119  817  184.00000  247.32089  34.4%  1603  368s
  1128  1137  238.11180  120  797  184.00000  247.32089  34.4%  1599  379s
  1136  1145  238.05304  121  822  184.00000  247.32089  34.4%  1609  390s
  1144  1153  237.96351  122  823  184.00000  247.32089  34.4%  1607  397s
  1152  1161  237.92592  123  818  184.00000  247.32089  34.4%  1605  403s
  1160  1169  237.78237  124  787  184.00000  247.32089  34.4%  1602  409s
  1168  1177  237.75626  125  818  184.00000  247.32089  34.4%  1598  416s
  1176  1185  237.73037  126  828  184.00000  247.32089  34.4%  1599  424s
  1184  1193  237.65685  127  797  184.00000  247.32089  34.4%  1598  432s
  1192  1201  237.58707  128  836  184.00000  247.32089  34.4%  1596  438s
  1200  1209  237.48895  129  837  184.00000  247.32089  34.4%  1595  444s
  1208  1238  237.41585  130  822  184.00000  247.32089  34.4%  1594  450s
  1237  1291  237.05952  131  806  184.00000  247.32089  34.4%  1589  459s
  1290  1356  235.83341  136  789  184.00000  247.32089  34.4%  1601  467s
  1355  1394  235.44669  142  758  184.00000  247.32089  34.4%  1616  475s
  1393  1477  235.17536  143  764  184.00000  247.32089  34.4%  1618  483s
  1477  1478  238.31517   58 1030  184.00000  247.32089  34.4%  1615  586s
  1479  1479  237.16415  144 1402  184.00000  246.18643  33.8%  1613  778s
  1480  1480  240.44265   86 1243  184.00000  246.02569  33.7%  1612  889s
  1481  1481  233.17142  140  995  184.00000  245.26444  33.3%  1610  956s
  1482  1481  236.76872  126  893  184.00000  245.18946  33.3%  1609  973s
  1483  1482  236.80191   98 1092  184.00000  245.18946  33.3%  1608  985s
  1484  1483  233.96445  186 1082  184.00000  245.12154  33.2%  1607  993s
  1485  1483  233.98038  119 1136  184.00000  245.10974  33.2%  1606  997s
  1486  1484  231.49506  192 1137  184.00000  245.10964  33.2%  1605 1000s
  1488  1485  231.96111  207 1158  184.00000  244.77997  33.0%  1603 1088s
  1489  1486  230.93259  173 1147  184.00000  244.69673  33.0%  1602 1126s
  1490  1487  233.26435  144 1144  184.00000  244.27673  32.8%  1601 1155s
  1494  1489  241.57526   15 1149  184.00000  244.14428  32.7%  1596 1172s
  1495  1490  240.86881   58 1206  184.00000  244.07523  32.6%  1595 1177s
  1497  1491  241.82294   18 1155  184.00000  244.03711  32.6%  1593 1181s
  1498  1492  228.75540  114 1195  184.00000  243.85595  32.5%  1592 1190s
  1502  1495  234.80647  114 1202  184.00000  243.72440  32.5%  1588 1197s
  1503  1495  241.50433   68 1230  184.00000  243.36754  32.3%  1587 1209s
  1504  1496  240.79187   55 1251  184.00000  243.29397  32.2%  1586 1212s
  1507  1498  237.18037  116 1238  184.00000  243.26176  32.2%  1583 1217s
  1508  1499  239.01862  108 1223  184.00000  242.93204  32.0%  1582 1231s
  1509  1499  238.75683  117 1238  184.00000  242.85842  32.0%  1581 1236s
  1512  1501  233.36574  134 1233  184.00000  242.83103  32.0%  1577 1242s
  1513  1502  231.56047   74 1191  184.00000  242.47964  31.8%  1576 1255s
  1515  1503  242.37061   27 1198  184.00000  242.37061  31.7%  1574 1261s
  1517  1505  237.56542  110 1222  184.00000  242.12270  31.6%  1572 1277s
  1519  1506  236.39016  134 1238  184.00000  242.05706  31.6%  1570 1280s
  1521  1507  241.75553   35 1278  184.00000  241.75553  31.4%  1568 1295s
  1523  1509  227.60011  171 1286  184.00000  241.68361  31.3%  1566 1301s
  1525  1510  227.81547  204 1188  184.00000  241.39130  31.2%  1564 1320s
  1526  1511  236.85880   97 1204  184.00000  241.32078  31.2%  1563 1327s
  1528  1512  241.30468   43 1203  184.00000  241.30468  31.1%  1561 1332s
  1529  1513  241.00011   51 1207  184.00000  241.00011  31.0%  1560 1343s
  1530  1513  239.12382   93 1226  184.00000  240.92750  30.9%  1559 1347s
  1532  1515  240.90114   10 1239  184.00000  240.90114  30.9%  1557 1350s
  1534  1516  240.63603   21 1219  184.00000  240.63603  30.8%  1555 1395s
  1535  1517  229.86650  180 1275  184.00000  240.57206  30.7%  1554 1421s
  1538  1519  240.54735   50 1239  184.00000  240.54735  30.7%  1551 1430s
  1539  1519  237.65530  133 1216  184.00000  240.31712  30.6%  1550 1440s
  1540  1520  227.59044  105 1218  184.00000  240.26555  30.6%  1549 1445s
  1542  1521  239.86463   79 1227  184.00000  240.24660  30.6%  1547 1451s
  1543  1522  239.97455   54 1225  184.00000  239.97455  30.4%  1546 1461s
  1544  1523  239.90657   11 1256  184.00000  239.90657  30.4%  1545 1465s
  1547  1525  239.87675   17 1236  184.00000  239.87675  30.4%  1542 1472s
  1548  1525  239.64349   88 1219  184.00000  239.64349  30.2%  1541 1482s
  1549  1526  239.58416   18 1230  184.00000  239.58416  30.2%  1540 1485s
  1552  1528  238.58177   75 1222  184.00000  239.55734  30.2%  1537 1491s
  1554  1529  237.66189  109 1230  184.00000  239.54534  30.2%  1535 1497s
  1557  1531  239.54051   85 1227  184.00000  239.54051  30.2%  1532 1500s
  1566  1538  238.04072   83 1402  184.00000  239.53758  30.2%  1787 1592s
  1567  1539  234.52286  130 1216  184.00000  239.53758  30.2%  1785 1649s
  1568  1540  239.53746   77  981  184.00000  239.53746  30.2%  1784 1682s
  1569  1540  239.53746   40  865  184.00000  239.53746  30.2%  1783 1696s
  1570  1541  237.35260  113 1117  184.00000  239.53746  30.2%  1782 1711s
  1571  1542  239.53746   34 1187  184.00000  239.53746  30.2%  1781 1722s
  1572  1542  239.53746  100 1207  184.00000  239.53746  30.2%  1780 1732s
  1573  1543  239.53746   69 1232  184.00000  239.53746  30.2%  1779 1739s
  1574  1544  239.53746   39 1273  184.00000  239.53746  30.2%  1778 1743s
  1575  1544  238.33479   58 1236  184.00000  239.53746  30.2%  1776 1746s
  1577  1546  238.31517   58 1222  184.00000  239.53695  30.2%  1774 1766s
  1578  1546  230.49931  202 1289  184.00000  239.37007  30.1%  1773 1775s
  1580  1548  239.34299   86 1309  184.00000  239.34299  30.1%  1771 1781s
  1581  1548  233.17142  140 1247  184.00000  239.10187  29.9%  1770 1798s
  1582  1549  236.76872  126 1285  184.00000  239.05957  29.9%  1769 1801s
  1584  1550  233.96445  186 1287  184.00000  239.05010  29.9%  1766 1808s
  1585  1551  233.98038  119 1292  184.00000  238.80590  29.8%  1765 1820s
  1588  1553  231.96111  207 1281  184.00000  238.74311  29.8%  1762 1831s
  1589  1554  230.93259  173 1278  184.00000  238.61953  29.7%  1761 1845s
  1592  1556  238.58017   92 1285  184.00000  238.58017  29.7%  1757 1853s
  1593  1556  238.40200   20 1260  184.00000  238.40200  29.6%  1756 1870s
  1594  1557  238.33946   15 1253  184.00000  238.33946  29.5%  1755 1875s
  1596  1558  238.32599   38 1270  184.00000  238.32599  29.5%  1753 1883s
  1597  1559  238.15236   18 1271  184.00000  238.15236  29.4%  1752 1899s
  1598  1560  228.75540  114 1319  184.00000  238.11017  29.4%  1751 1903s
  1599  1560  228.86812  100 1279  184.00000  238.09984  29.4%  1750 1905s
  1601  1562  237.87509   67 1272  184.00000  237.87509  29.3%  1748 1922s
  1602  1562  234.80647  114 1267  184.00000  237.82385  29.3%  1746 1926s
  1605  1564  237.80315  124 1260  184.00000  237.80315  29.2%  1743 1933s
  1606  1565  231.56057   74 1273  184.00000  237.64523  29.2%  1742 1947s
  1607  1566  237.18037  116 1269  184.00000  237.59702  29.1%  1741 1953s
  1608  1566  237.58583  108 1264  184.00000  237.58583  29.1%  1740 1955s
  1610  1568  237.39515   25 1300  184.00000  237.39515  29.0%  1738 1976s
  1611  1568  237.34357  108 1306  184.00000  237.34357  29.0%  1737 1980s
  1613  1570  231.56047   74 1320  184.00000  237.32556  29.0%  1735 1988s
  1614  1570  232.42838  190 1298  184.00000  237.16943  28.9%  1733 2002s
  1615  1571  237.12224   27 1315  184.00000  237.12224  28.9%  1732 2007s
  1617  1572  237.10559  110 1315  184.00000  237.10559  28.9%  1730 2014s
  1618  1573  236.92670   25 1258  184.00000  236.92670  28.8%  1729 2045s
  1619  1574  236.39016  134 1261  184.00000  236.87000  28.7%  1728 2061s
  1621  1575  236.85002   35 1313  184.00000  236.85002  28.7%  1726 2069s
  1622  1576  236.61807  113 1315  184.00000  236.61807  28.6%  1725 2085s
  1623  1576  227.60011  171 1271  184.00000  236.56473  28.6%  1724 2091s
  1625  1578  227.81547  204 1320  184.00000  236.54445  28.6%  1722 2095s
  1626  1578  236.54238   97 1312  184.00000  236.54238  28.6%  1721 2101s
  1627  1579  230.47669  225 1282  184.00000  236.34813  28.5%  1720 2115s
  1629  1580  236.28366   51 1270  184.00000  236.28366  28.4%  1718 2122s
  1630  1581  236.27869   93 1271  184.00000  236.27869  28.4%  1716 2127s
  1631  1582  236.08071   71 1281  184.00000  236.08071  28.3%  1715 2139s
  1632  1582  236.02456   10 1292  184.00000  236.02456  28.3%  1714 2144s
  1633  1583  236.00693   43 1295  184.00000  236.00693  28.3%  1713 2146s
  1635  1584  229.86650  180 1297  184.00000  235.99937  28.3%  1711 2151s
  1636  1585  235.99559   72 1295  184.00000  235.99559  28.3%  1710 2155s
  1638  1586  235.99167   50 1294  184.00000  235.99167  28.3%  1708 2160s
  1642  1589  235.97804   79 1271  184.00000  235.97804  28.2%  1704 2166s
  1645  1591  229.86650  180 1279  184.00000  235.97236  28.2%  1701 2180s
  1646  1592  234.69955  123 1279  184.00000  235.97236  28.2%  1700 2284s
  1647  1594  235.92989   30 1270  184.00000  235.97236  28.2%  1973 2290s
  1648  1595  235.84242   31 1272  184.00000  235.97236  28.2%  1972 2306s
  1649  1597  235.48355   32 1244  184.00000  235.97236  28.2%  1979 2328s
  1651  1601  235.36837   33 1206  184.00000  235.84229  28.2%  1982 2361s
  1656  1607  235.19955   34 1200  184.00000  235.36832  27.9%  2007 2392s
  1664  1608  233.68872   31 1191  184.00000  235.19954  27.8%  2055 2468s
  1667  1627  233.25902   34 1227  184.00000  235.19954  27.8%  2059 2516s
  1687  1646  232.00629   40 1083  184.00000  235.06913  27.8%  2111 2543s
  1713  1667  231.91617   41 1043  184.00000  235.06913  27.8%  2124 2560s
  1743  1686  231.75837   46 1063  184.00000  235.06913  27.8%  2119 2574s
  1772  1704  231.65106   51 1032  184.00000  235.06913  27.8%  2117 2586s
  1799  1707  230.36198   49 1021  184.00000  235.06913  27.8%  2111 2599s
  1811  1725  231.54431   56 1020  184.00000  235.06913  27.8%  2112 2613s
  1833  1733  228.13689   60  879  184.00000  235.06913  27.8%  2114 2626s
  1849  1741  228.10508   61  876  184.00000  235.06913  27.8%  2111 2637s
  1862  1759  225.45948   63  846  184.00000  235.06913  27.8%  2122 2650s
  1884  1773  225.21618   68  849  184.00000  235.06913  27.8%  2120 2663s
  1906  1781  224.66465   74  808  184.00000  235.06913  27.8%  2119 2678s
  1921  1783  222.09180   77  742  184.00000  235.06913  27.8%  2119 2690s
  1928  1788  219.53966   78  686  184.00000  235.06913  27.8%  2128 2701s
  1935  1795  219.42921   79  688  184.00000  235.06913  27.8%  2127 2714s
  1945  1819  219.39341   80  688  184.00000  235.06913  27.8%  2125 2728s
  1972  1834  219.18378   87  673  184.00000  235.06913  27.8%  2117 2742s
  1996  1838  218.93156   91  668  184.00000  235.06913  27.8%  2120 2775s
  2008  1856  218.81948   92  663  184.00000  235.06913  27.8%  2127 2787s
  2030  1857  218.69235   94  665  184.00000  235.06913  27.8%  2133 2797s
  2038  1862  218.64327   95  674  184.00000  235.06913  27.8%  2130 2812s
  2046  1867  218.53089   96  660  184.00000  235.06913  27.8%  2130 2833s
  2054  1873  217.58765   97  647  184.00000  235.06913  27.8%  2131 2859s
  2062  1878  217.57915   98  633  184.00000  235.06913  27.8%  2129 2876s
  2070  1883  217.52068   99  635  184.00000  235.06913  27.8%  2127 2888s
  2078  1889  216.80941  100  636  184.00000  235.06913  27.8%  2132 2898s
  2086  1894  216.72460  101  618  184.00000  235.06913  27.8%  2131 2909s
  2094  1899  216.68627  102  620  184.00000  235.06913  27.8%  2131 2928s
  2102  1909  216.66294  103  594  184.00000  235.06913  27.8%  2129 2942s
  2114  1937  211.07528  107  551  184.00000  235.06913  27.8%  2131 2962s
  2146  1959  202.60402  119  474  184.00000  235.06913  27.8%  2134 2977s
  2179  1991  194.71769  132  437  184.00000  235.06913  27.8%  2133 2996s
  2222  2026  192.00212  146  421  184.00000  235.06913  27.8%  2127 3014s
  2275  2040  186.35966  158  332  184.00000  235.06913  27.8%  2122 3039s
  2317  2091  212.06418  117  506  184.00000  235.06913  27.8%  2136 3061s
  2382  2140  225.18502   75  885  184.00000  235.06913  27.8%  2124 3085s
  2453  2201  225.02744   76  817  184.00000  235.06913  27.8%  2105 3109s
  2537  2264  223.10482   83  809  184.00000  235.06913  27.8%  2095 3132s
  2628  2352  219.26256   96  734  184.00000  235.06913  27.8%  2087 3157s
  2747  2364  217.96478  113  664  184.00000  235.06913  27.8%  2053 3177s
  2798  2389  217.95581  114  650  184.00000  235.06913  27.8%  2036 3198s
  2840  2398  217.69012  115  578  184.00000  235.06913  27.8%  2030 3221s
  2889  2402  217.58540  116  590  184.00000  235.06913  27.8%  2013 3251s
  2910  2431  217.49291  117  602  184.00000  235.06913  27.8%  2023 3279s
  2946  2466  217.37562  118  616  184.00000  235.06913  27.8%  2029 3303s
  2993  2484  217.32214  119  605  184.00000  235.06913  27.8%  2027 3326s
  3026  2569  215.73505  120  583  184.00000  235.06913  27.8%  2020 3354s
  3122  2710  213.56622  124  524  184.00000  235.06913  27.8%  2014 3379s
  3295  2890  211.02504  161  494  184.00000  235.06913  27.8%  1968 3405s
  3533  3071  199.00630  203  351  184.00000  235.06913  27.8%  1904 3435s
  3819  3162  191.95930  251  285  184.00000  235.06913  27.8%  1819 3480s
  4020  3323  232.68446   41 1051  184.00000  235.06913  27.8%  1797 3516s
  4274  3473  232.25007   47 1040  184.00000  235.06913  27.8%  1752 3554s
  4508  3538  230.69124   55 1080  184.00000  235.06913  27.8%  1719 3591s
  4707  3496  230.41315   64 1096  184.00000  235.06913  27.8%  1692 3600s

Cutting planes:
  Lift-and-project: 2375
  Cover: 1
  Implied bound: 13
  MIR: 260
  StrongCG: 7
  Flow cover: 389
  RLT: 1525
  BQP: 52

Explored 4738 nodes (8222039 simplex iterations) in 3600.01 seconds (8451.01 work units)
Thread count was 16 (of 16 available processors)

Solution count 10: 184 181 180 ... 166

Time limit reached
Best objective 1.840000000000e+02, best bound 2.350000000000e+02, gap 27.7174%
