
Gurobi 13.0.3 (linux64) logging started Sun Sep 13 00:06:50 2026

Set parameter LogFile to value "Logs/Gurobi/dags_030_s1.txt"
Gurobi Optimizer version 13.0.3 build v13.0.3rc0 (linux64 - "Ubuntu 24.04.4 LTS")

CPU model: AMD Ryzen 7 7700 8-Core Processor, instruction set [SSE2|AVX|AVX2|AVX512]
Thread count: 8 physical cores, 16 logical processors, using up to 16 threads

Non-default parameters:
TimeLimit  3600
LogToConsole  0

Academic license 2863599 - for non-commercial use only - registered to be___@usm.cl
Optimize a model with 3168 rows, 1828 columns and 7029 nonzeros (Max)
Model fingerprint: 0x41d9a635
Model has 1563 linear objective coefficients
Variable types: 1563 continuous, 265 integer (265 binary)
Coefficient statistics:
  Matrix range     [1e+00, 5e+01]
  Objective range  [1e+00, 5e+01]
  Bounds range     [1e+00, 1e+00]
  RHS range        [1e+00, 1e+00]

User MIP start produced solution with objective 491 (0.00s)
Loaded user MIP start with objective 491

Presolve removed 45 rows and 24 columns
Presolve time: 0.01s
Presolved: 3123 rows, 1804 columns, 6916 nonzeros
Variable types: 1542 continuous, 262 integer (262 binary)

Root relaxation: objective 1.684363e+03, 2840 iterations, 0.05 seconds (0.13 work units)

    Nodes    |    Current Node    |     Objective Bounds      |     Work
 Expl Unexpl |  Obj  Depth IntInf | Incumbent    BestBd   Gap | It/Node Time

     0     0 1684.36346    0  195  491.00000 1684.36346   243%     -    0s
H    0     0                     494.0000000  903.89264  83.0%     -    0s
     0     0  900.67498    0  149  494.00000  900.67498  82.3%     -    0s
     0     0  900.67498    0  149  494.00000  900.67498  82.3%     -    0s
H    0     0                     507.0000000  669.65730  32.1%     -    0s
     0     0  669.65730    0  147  507.00000  669.65730  32.1%     -    0s
     0     0  669.10163    0  157  507.00000  669.10163  32.0%     -    0s
     0     0  655.74227    0  157  507.00000  655.74227  29.3%     -    0s
     0     0  640.81482    0  163  507.00000  640.81482  26.4%     -    1s
     0     0  632.75500    0  170  507.00000  632.75500  24.8%     -    1s
     0     0  632.44699    0  171  507.00000  632.44699  24.7%     -    1s
     0     0  626.03120    0  192  507.00000  626.03120  23.5%     -    1s
     0     0  624.95187    0  188  507.00000  624.95187  23.3%     -    1s
     0     0  624.80119    0  190  507.00000  624.80119  23.2%     -    1s
     0     0  624.71763    0  177  507.00000  624.71763  23.2%     -    1s
     0     0  624.69680    0  177  507.00000  624.69680  23.2%     -    1s
     0     0  624.69680    0  177  507.00000  624.69680  23.2%     -    1s
H    0     0                     513.0000000  624.69680  21.8%     -    1s
     0     2  624.69680    0  177  513.00000  624.69680  21.8%     -    1s
  1053   999  570.88252   25   98  513.00000  610.83711  19.1%   178    5s
  1678  1400  584.75558   12  195  513.00000  606.77286  18.3%   161   12s
  1685  1405  585.26283    8  212  513.00000  606.61973  18.2%   160   15s
  1729  1451  601.02191   18  172  513.00000  601.02191  17.2%   174   20s
  4226  2519  527.73696   31   75  513.00000  601.02191  17.2%   160   25s
  7471  4146  526.25034   43   91  513.00000  588.33239  14.7%   148   30s
 12730  7411  520.67354   40   58  513.00000  581.10742  13.3%   143   35s
 17572 10331  538.23371   37   50  513.00000  577.15629  12.5%   140   41s
 22604 13103  542.15861   39   56  513.00000  574.98806  12.1%   138   45s
 29432 16690  524.57659   35   87  513.00000  571.87550  11.5%   137   50s
 35350 20157  540.94889   37   50  513.00000  569.88831  11.1%   135   56s
 41417 22494  558.37106   36  177  513.00000  568.27947  10.8%   134   72s
 41419 22495  535.73278   46  195  513.00000  568.27947  10.8%   134   77s
 41426 22500  536.65942   40  215  513.00000  568.27947  10.8%   134   81s
 41430 22503  530.90080   40  225  513.00000  568.27947  10.8%   134   86s
 41434 22505  528.98541   44  224  513.00000  568.27947  10.8%   134   91s
 41437 22507  523.53553   49  221  513.00000  568.27947  10.8%   134   95s
 41442 22511  565.58581   21  220  513.00000  568.27947  10.8%   134  100s
 41446 22513  527.41272   44  216  513.00000  568.27947  10.8%   134  105s
 41449 22515  523.04624   40  221  513.00000  568.27947  10.8%   134  112s
 41451 22517  554.25897   28  223  513.00000  568.27947  10.8%   134  115s
 41454 22519  522.36422   45  223  513.00000  568.27947  10.8%   134  120s
 41458 22521  529.59482   38  219  513.00000  568.27947  10.8%   134  125s
 41463 22525  523.27289   43  226  513.00000  568.27947  10.8%   134  130s
 41467 22527  537.87841   25  226  513.00000  568.27947  10.8%   134  136s
 41470 22529  539.70364   37  226  513.00000  568.27947  10.8%   134  140s
 41472 22531  558.90702   38  226  513.00000  568.27947  10.8%   134  146s
 41662 22679  568.27947   36  141  513.00000  568.27947  10.8%   135  150s
 44435 23829  557.82653   40  101  513.00000  568.27947  10.8%   137  155s
 50430 25276  550.74820   38  109  513.00000  568.27947  10.8%   140  160s
 56610 26708  514.15226   75   57  513.00000  568.27947  10.8%   142  165s
 63295 28268  542.57106   49  100  513.00000  568.27947  10.8%   143  170s
 71108 29792  538.48448   53   83  513.00000  568.08531  10.7%   144  175s
 74625 30638  524.08191   54   79  513.00000  567.18694  10.6%   144  180s
 81391 32161  546.46470   47  127  513.00000  565.63003  10.3%   145  186s
 88172 33182  531.43769   44   96  513.00000  564.02763  9.95%   145  190s
 94516 33911  547.88621   58   92  513.00000  562.42983  9.64%   145  195s
 102979 34816  515.79683   48   68  513.00000  560.69858  9.30%   144  201s
 108042 35524  535.70450   57   87  513.00000  559.75031  9.11%   144  205s
 111707 37013  547.11945   49   97  513.00000  559.34080  9.03%   144  210s
 115188 38589     cutoff   53       513.00000  558.56720  8.88%   144  216s
 120573 40918  531.59384   47   53  513.00000  557.83913  8.74%   143  220s
 125655 43207  514.98666   54   88  513.00000  557.18159  8.61%   143  225s
 132735 45916  526.60521   51   92  513.00000  556.38289  8.46%   143  230s
 139486 48432     cutoff   48       513.00000  555.72316  8.33%   142  235s
 145676 51446  517.86190   48   44  513.00000  555.02350  8.19%   142  240s
 152770 54322     cutoff   49       513.00000  554.28795  8.05%   141  245s
 156287 55690  537.39251   39  105  513.00000  553.93914  7.98%   141  251s
 161558 57771  529.94961   50   96  513.00000  553.38540  7.87%   140  255s
 167971 60283  532.53214   47   63  513.00000  552.76351  7.75%   140  260s
 176667 63539     cutoff   54       513.00000  552.00212  7.60%   139  266s
 183515 66086  530.12885   51   75  513.00000  551.42610  7.49%   139  270s
 190742 68451  520.57672   51   73  513.00000  550.90364  7.39%   138  275s
 197362 70954  518.75196   48   49  513.00000  550.35819  7.28%   137  283s
 200653 72072  521.21214   67   85  513.00000  550.13597  7.24%   137  285s
 207000 74552  544.72561   40   69  513.00000  549.71010  7.16%   137  290s
 213938 77092  533.43378   50  123  513.00000  549.26432  7.07%   136  295s
 222294 80053  518.68452   43   59  513.00000  548.75773  6.97%   136  300s
 228603 82588  533.45058   43   84  513.00000  548.39214  6.90%   135  305s
 234787 84920  518.43910   42   92  513.00000  548.02762  6.83%   135  310s
 242722 87734  532.87303   46   86  513.00000  547.57428  6.74%   134  318s
 245981 88750     cutoff   58       513.00000  547.41112  6.71%   134  320s
 252837 91210  524.38140   45   78  513.00000  547.08923  6.65%   133  325s
 260789 93470     cutoff   49       513.00000  546.73219  6.58%   133  330s
 266935 95549  527.83969   44  119  513.00000  546.45698  6.52%   132  335s
 273764 97883     cutoff   46       513.00000  546.15251  6.46%   132  340s
 279847 99735  530.92285   41  100  513.00000  545.89898  6.41%   131  345s
 288477 102644  525.39913   49   60  513.00000  545.48241  6.33%   131  353s
 291810 103898  516.90538   49   71  513.00000  545.34453  6.30%   131  355s
 299179 106074  519.46115   54   75  513.00000  545.05923  6.25%   130  360s
 307385 108715  532.25826   46   77  513.00000  544.75621  6.19%   130  365s
 315385 111335     cutoff   65       513.00000  544.47110  6.13%   129  370s
 322215 113568  517.38507   53  107  513.00000  544.22191  6.09%   129  375s
 331050 116074  516.20660   55   23  513.00000  543.92019  6.03%   128  380s
 336643 117520  538.40989   44   82  513.00000  543.74416  5.99%   128  387s
 341371 119014  520.46415   45  131  513.00000  543.58082  5.96%   128  390s
 347982 120857  514.70169   54   57  513.00000  543.36230  5.92%   127  395s
 358112 123844  530.07700   58   93  513.00000  543.04520  5.86%   127  400s
 368564 126688  515.65437   56   53  513.00000  542.73354  5.80%   126  405s
 380234 130446  536.83678   48  118  513.00000  542.36733  5.72%   126  410s
 390470 132945  525.45139   51   90  513.00000  542.05994  5.66%   125  415s
 398448 135411     cutoff   59       513.00000  541.82970  5.62%   125  421s
 405177 137156  535.76396   51   93  513.00000  541.64724  5.58%   124  425s
 417324 140444  521.86998   51   64  513.00000  541.34485  5.53%   124  430s
 426790 143017  520.70450   59  108  513.00000  541.07549  5.47%   123  435s
 435693 145522  516.36938   43   74  513.00000  540.85814  5.43%   123  440s
 446354 148368  515.91768   65   53  513.00000  540.56832  5.37%   123  445s
 456734 150887  531.33794   53   62  513.00000  540.32736  5.33%   122  450s
 463757 152759  527.63087   59   92  513.00000  540.14527  5.29%   122  456s
 472531 154773     cutoff   50       513.00000  539.95217  5.25%   122  460s
 482328 157408  530.63741   40   69  513.00000  539.74085  5.21%   121  465s
 492919 160114  515.70159   60   54  513.00000  539.49469  5.16%   121  470s
 504660 162954     cutoff   56       513.00000  539.23467  5.11%   120  475s
 515496 165420     cutoff   66       513.00000  539.04542  5.08%   120  480s
 526174 168047     cutoff   46       513.00000  538.80141  5.03%   120  485s
 533279 169683  519.83214   49   76  513.00000  538.65825  5.00%   119  490s
 543150 172116  527.86912   49   70  513.00000  538.46503  4.96%   119  495s
 553239 174489  521.33949   60   64  513.00000  538.25551  4.92%   119  500s
 566483 177650  518.48896   56   78  513.00000  538.01195  4.88%   118  505s
 578019 180152     cutoff   46       513.00000  537.80224  4.83%   118  510s
 588550 182771  519.18487   54   65  513.00000  537.61480  4.80%   118  515s
 598951 185142  516.34175   58   90  513.00000  537.41155  4.76%   117  520s
 603910 186330  527.31957   45  101  513.00000  537.33448  4.74%   117  525s
 615411 188942     cutoff   52       513.00000  537.13070  4.70%   117  530s
 627288 191540     cutoff   56       513.00000  536.92645  4.66%   117  535s
 636335 193611  525.57064   52   58  513.00000  536.80185  4.64%   116  540s
 648295 196152     cutoff   48       513.00000  536.57766  4.60%   116  545s
 658065 198154  524.45671   50   81  513.00000  536.40982  4.56%   116  550s
 671506 200925  529.64382   58   75  513.00000  536.20586  4.52%   115  555s
 677983 202347  522.36306   55   59  513.00000  536.09577  4.50%   115  560s
 689792 204815  520.53751   47   77  513.00000  535.91891  4.47%   115  565s
 700128 206905  533.48785   46  100  513.00000  535.77766  4.44%   115  570s
 708675 208640  520.17814   50   63  513.00000  535.65671  4.42%   114  575s
 719960 210646  515.55439   47   82  513.00000  535.48921  4.38%   114  580s
 731424 212898  514.55457   49   57  513.00000  535.33137  4.35%   114  585s
 742816 215237     cutoff   58       513.00000  535.17331  4.32%   114  590s
 749899 216606  518.81392   46   91  513.00000  535.08361  4.30%   114  595s
 760881 218857  525.22523   43   63  513.00000  534.92594  4.27%   113  600s
 773062 221090  518.38745   56   48  513.00000  534.78134  4.25%   113  605s
 783489 222877     cutoff   51       513.00000  534.62935  4.22%   113  610s
 795505 224734     cutoff   53       513.00000  534.47264  4.19%   112  615s
 806885 226736  528.85168   47   87  513.00000  534.34424  4.16%   112  620s
 818536 228620     cutoff   55       513.00000  534.19199  4.13%   112  625s
 824916 229738     cutoff   53       513.00000  534.11325  4.12%   112  630s
 835390 231448     cutoff   55       513.00000  533.98677  4.09%   112  635s
 846951 233408  528.80921   43   50  513.00000  533.84588  4.06%   111  640s
 859209 235256     cutoff   48       513.00000  533.70125  4.04%   111  645s
 869893 236969  524.27173   49   50  513.00000  533.58165  4.01%   111  650s
 881463 238848     cutoff   50       513.00000  533.43772  3.98%   111  655s
 892865 240507     cutoff   59       513.00000  533.30047  3.96%   111  660s
 899950 241441  520.35240   59   95  513.00000  533.21703  3.94%   110  665s
 912877 243238  516.47980   58   43  513.00000  533.07300  3.91%   110  670s
 922743 244651     cutoff   54       513.00000  532.96887  3.89%   110  675s
 934858 246336  515.06290   54   57  513.00000  532.83356  3.87%   110  680s
 947463 248054     cutoff   57       513.00000  532.70191  3.84%   110  685s
 959553 249754  524.50196   41   86  513.00000  532.57740  3.82%   109  690s
 969660 251110     cutoff   56       513.00000  532.45898  3.79%   109  697s
 975764 251971  514.68757   51   95  513.00000  532.39021  3.78%   109  700s
 985627 253345     cutoff   49       513.00000  532.29229  3.76%   109  705s
 998066 254996  526.95991   49   74  513.00000  532.15920  3.73%   109  710s
 1009538 256481  516.13698   58   63  513.00000  532.05192  3.71%   108  715s
 1021442 258265  515.21514   48   39  513.00000  531.92404  3.69%   108  720s
 1034894 259919  517.60882   47   78  513.00000  531.79537  3.66%   108  725s
 1045108 261305  518.11717   49   47  513.00000  531.69549  3.64%   108  732s
 1053434 262058  524.65026   56   57  513.00000  531.60776  3.63%   108  735s
 1064840 263587     cutoff   57       513.00000  531.48940  3.60%   107  740s
 1077214 264977  522.97404   51   62  513.00000  531.37406  3.58%   107  745s
 1089296 266429  524.01324   51   98  513.00000  531.26465  3.56%   107  750s
 1101164 267943     cutoff   49       513.00000  531.16006  3.54%   107  755s
 1113421 269175  516.08292   53   65  513.00000  531.05062  3.52%   107  760s
 1122877 270279  519.49601   45   67  513.00000  530.96842  3.50%   106  766s
 1133290 271450  528.46924   46   54  513.00000  530.88561  3.49%   106  770s
 1145739 272996  520.35550   55   84  513.00000  530.78553  3.47%   106  775s
 1159599 274573     cutoff   44       513.00000  530.67440  3.45%   106  780s
 1171749 275632  514.67196   47   38  513.00000  530.57833  3.43%   106  785s
 1182375 276810  517.44247   49   63  513.00000  530.49675  3.41%   105  790s
 1194940 278182  519.57596   57   76  513.00000  530.39876  3.39%   105  795s
 1203288 279004  520.39629   55   61  513.00000  530.32973  3.38%   105  800s
 1216016 280282  525.12864   46   50  513.00000  530.23064  3.36%   105  805s
 1229291 281529  514.03426   52   68  513.00000  530.12306  3.34%   104  810s
 1242627 282865     cutoff   52       513.00000  530.02868  3.32%   104  815s
 1255350 284157  514.77201   55   48  513.00000  529.92790  3.30%   104  820s
 1267476 285377     cutoff   54       513.00000  529.83891  3.28%   104  825s
 1279510 286328  522.67071   48   34  513.00000  529.74313  3.26%   104  830s
 1287685 286830     cutoff   53       513.00000  529.67808  3.25%   104  835s
 1299036 287880     cutoff   44       513.00000  529.58698  3.23%   103  840s
 1312781 288978  518.18162   52  107  513.00000  529.48558  3.21%   103  845s
 1322801 289774  514.85923   52   57  513.00000  529.40726  3.20%   103  850s
 1335325 290666     cutoff   60       513.00000  529.31156  3.18%   103  855s
 1347378 291379  522.47148   46   92  513.00000  529.21411  3.16%   103  860s
 1360794 292345  515.11292   64   46  513.00000  529.11224  3.14%   102  865s
 1367980 292816  522.44402   57   53  513.00000  529.06051  3.13%   102  870s
 1380883 293679     cutoff   50       513.00000  528.96252  3.11%   102  875s
 1393330 294396  520.04498   46  104  513.00000  528.87441  3.09%   102  880s
 1405186 295049  515.63293   50   44  513.00000  528.78033  3.08%   102  885s
 1419054 295634  518.15225   50   76  513.00000  528.67734  3.06%   102  890s
 1432845 296369  519.36467   53   62  513.00000  528.57645  3.04%   101  895s
 1443244 296754     cutoff   63       513.00000  528.50155  3.02%   101  900s
 1450490 297003     cutoff   53       513.00000  528.44319  3.01%   101  905s
 1463946 297502  515.56027   44  110  513.00000  528.34363  2.99%   101  910s
 1475849 297957  521.75512   63   38  513.00000  528.25563  2.97%   101  915s
 1489079 298529  518.79590   50   33  513.00000  528.15470  2.95%   101  920s
 1500874 298945  515.59651   50   52  513.00000  528.06457  2.94%   101  925s
 1514740 299459  517.86078   65  108  513.00000  527.96318  2.92%   100  930s
 1527871 299840  525.54856   42   87  513.00000  527.87097  2.90%   100  935s
 1535084 300036  515.22066   43  120  513.00000  527.82104  2.89%   100  940s
 1547968 300503  521.22878   49   64  513.00000  527.72790  2.87%   100  945s
 1560233 300813  520.52978   46   48  513.00000  527.64016  2.85%   100  950s
 1573129 301297  520.55707   55   63  513.00000  527.54904  2.84%   100  955s
 1586746 301555  518.65477   50   64  513.00000  527.45758  2.82%   100  960s
 1598527 301772  518.18061   60   78  513.00000  527.38243  2.80%  99.4  965s
 1611990 302046     cutoff   52       513.00000  527.29373  2.79%  99.3  970s
 1618952 302194  524.77004   57  103  513.00000  527.24762  2.78%  99.2  975s
 1630636 302262     cutoff   46       513.00000  527.16461  2.76%  99.0  980s
 1645305 302378  514.44999   58   56  513.00000  527.06998  2.74%  98.8  985s
 1658207 302590  515.78464   51   78  513.00000  526.98997  2.73%  98.6  990s
 1672294 302788     cutoff   53       513.00000  526.90623  2.71%  98.5  995s
 1685868 303018     cutoff   48       513.00000  526.82688  2.70%  98.3 1000s
 1699147 303022     cutoff   47       513.00000  526.73976  2.68%  98.1 1005s
 1705586 302999  522.47760   61  105  513.00000  526.69689  2.67%  98.0 1010s
 1719256 302863  514.85070   55   72  513.00000  526.60793  2.65%  97.8 1015s
 1732536 302774     cutoff   51       513.00000  526.52236  2.64%  97.7 1020s
 1744668 302645  518.72084   49   59  513.00000  526.45072  2.62%  97.5 1025s
 1759076 302494  516.61133   69   15  513.00000  526.35511  2.60%  97.3 1030s
 1771826 302253     cutoff   51       513.00000  526.27743  2.59%  97.2 1035s
 1785009 302094  515.32622   50   81  513.00000  526.18976  2.57%  97.0 1042s
 1791759 301899  518.18577   52   62  513.00000  526.15273  2.56%  96.9 1045s
 1807676 301608     cutoff   55       513.00000  526.06312  2.55%  96.7 1050s
 1820560 301393  519.31845   42   75  513.00000  525.98760  2.53%  96.5 1055s
 1834309 301070  521.46050   61   61  513.00000  525.90276  2.52%  96.4 1060s
 1848286 300711  518.64843   42   86  513.00000  525.82228  2.50%  96.2 1065s
 1863129 300251  515.33496   56   41  513.00000  525.73270  2.48%  96.0 1070s
 1874067 299898  515.16802   52   93  513.00000  525.66648  2.47%  95.9 1077s
 1882631 299632  518.64123   49   58  513.00000  525.61494  2.46%  95.8 1080s
 1895789 299011     cutoff   59       513.00000  525.54519  2.45%  95.6 1085s
 1907992 298551  521.68970   51   23  513.00000  525.45775  2.43%  95.5 1090s
 1921248 298113     cutoff   56       513.00000  525.38011  2.41%  95.3 1095s
 1934993 297559  517.23564   49   34  513.00000  525.29848  2.40%  95.2 1100s
 1949874 296977  517.15776   52   48  513.00000  525.21050  2.38%  95.0 1105s
 1961339 296328     cutoff   58       513.00000  525.13905  2.37%  94.9 1111s
 1970832 295852     cutoff   45       513.00000  525.08680  2.36%  94.7 1115s
 1984349 295167     cutoff   50       513.00000  525.00203  2.34%  94.6 1120s
 1999732 294350  514.27684   58   15  513.00000  524.91277  2.32%  94.4 1125s
 2012281 293522     cutoff   51       513.00000  524.83603  2.31%  94.3 1130s
 2027918 292696     cutoff   49       513.00000  524.74989  2.29%  94.1 1135s
 2042813 291702  515.58228   53   76  513.00000  524.66578  2.27%  93.9 1140s
 2052695 291009  517.02118   50   51  513.00000  524.60962  2.26%  93.8 1146s
 2064073 290210  517.33760   53   36  513.00000  524.54583  2.25%  93.7 1150s
 2077248 289213  518.21724   57   68  513.00000  524.46804  2.24%  93.5 1155s
 2092418 288027     cutoff   53       513.00000  524.37746  2.22%  93.4 1160s
 2105153 287054     cutoff   49       513.00000  524.30701  2.20%  93.2 1165s
 2120678 285795     cutoff   53       513.00000  524.22376  2.19%  93.1 1170s
 2135781 284480     cutoff   57       513.00000  524.13772  2.17%  92.9 1175s
 2143940 283684  517.70612   52   47  513.00000  524.09344  2.16%  92.8 1180s
 2155939 282481  514.32370   52   89  513.00000  524.02523  2.15%  92.7 1185s
 2170095 280968     cutoff   64       513.00000  523.93943  2.13%  92.5 1190s
 2184941 279073     cutoff   47       513.00000  523.84281  2.11%  92.4 1195s
 2198475 277588     cutoff   45       513.00000  523.76670  2.10%  92.3 1200s
 2211117 276042     cutoff   51       513.00000  523.68764  2.08%  92.1 1205s
 2226468 274255  519.79836   50   72  513.00000  523.59503  2.07%  92.0 1210s
 2233377 273400     cutoff   54       513.00000  523.55438  2.06%  91.9 1215s
 2244360 272059     cutoff   57       513.00000  523.49207  2.05%  91.8 1220s
 2257516 270087  515.27812   61   16  513.00000  523.41596  2.03%  91.7 1225s
 2273152 267806  515.25767   49   89  513.00000  523.31737  2.01%  91.5 1230s
 2286772 265864  517.87344   65   43  513.00000  523.23125  1.99%  91.4 1235s
 2301137 263738  515.91785   54   64  513.00000  523.15378  1.98%  91.2 1240s
 2316455 261514     cutoff   66       513.00000  523.05676  1.96%  91.1 1245s
 2323174 260474     cutoff   52       513.00000  523.01456  1.95%  91.0 1250s
 2336753 258284  520.26963   46   28  513.00000  522.92668  1.94%  90.9 1255s
 2347895 256300  518.18267   48   10  513.00000  522.85540  1.92%  90.8 1260s
 2363707 253571  517.43436   63   43  513.00000  522.75347  1.90%  90.6 1265s
 2377595 251215     cutoff   52       513.00000  522.66966  1.88%  90.5 1270s
 2392746 248406  517.65868   51   70  513.00000  522.58303  1.87%  90.3 1275s
 2407381 245591  514.03529   42   61  513.00000  522.48943  1.85%  90.2 1280s
 2415542 243953     cutoff   49       513.00000  522.43247  1.84%  90.1 1285s
 2428399 241487  519.46987   59   39  513.00000  522.35211  1.82%  90.0 1290s
 2442207 238355     cutoff   49       513.00000  522.25663  1.80%  89.8 1295s
 2457263 234961     cutoff   60       513.00000  522.14916  1.78%  89.7 1300s
 2472129 231649  516.35013   51   50  513.00000  522.04695  1.76%  89.5 1305s
 2484460 228669  518.46762   56   35  513.00000  521.96340  1.75%  89.4 1310s
 2497801 225377  520.83911   51   71  513.00000  521.86367  1.73%  89.3 1315s
 2506498 223303     cutoff   45       513.00000  521.79935  1.72%  89.2 1320s
 2520141 219921     cutoff   45       513.00000  521.70182  1.70%  89.1 1325s
 2535544 215761     cutoff   49       513.00000  521.59146  1.67%  89.0 1330s
 2547810 212286     cutoff   55       513.00000  521.49864  1.66%  88.9 1335s
 2562631 208073     cutoff   43       513.00000  521.38591  1.63%  88.7 1340s
 2576295 204062     cutoff   44       513.00000  521.27819  1.61%  88.6 1345s
 2591769 199523     cutoff   48       513.00000  521.15585  1.59%  88.4 1350s
 2600316 197061  518.02314   48   68  513.00000  521.08886  1.58%  88.4 1355s
 2612875 193181     cutoff   53       513.00000  520.98592  1.56%  88.2 1360s
 2628433 188343     cutoff   49       513.00000  520.86846  1.53%  88.1 1365s
 2643426 183506     cutoff   45       513.00000  520.75477  1.51%  87.9 1370s
 2657439 178714  516.96424   54   18  513.00000  520.64512  1.49%  87.8 1375s
 2670025 174170     cutoff   53       513.00000  520.52575  1.47%  87.7 1380s
 2683996 169132     cutoff   51       513.00000  520.40416  1.44%  87.6 1387s
 2692369 166114     cutoff   60       513.00000  520.33112  1.43%  87.5 1390s
 2702509 162051     cutoff   63       513.00000  520.23976  1.41%  87.4 1395s
 2716661 156495  514.14950   45   45  513.00000  520.09756  1.38%  87.3 1400s
 2731893 150167     cutoff   49       513.00000  519.94442  1.35%  87.2 1405s
 2744793 144541  514.73309   46   27  513.00000  519.80491  1.33%  87.1 1410s
 2756872 139227  516.43551   58   54  513.00000  519.67452  1.30%  87.0 1415s
 2768603 133854  515.23690   48   71  513.00000  519.54406  1.28%  86.8 1421s
 2778686 129150     cutoff   60       513.00000  519.43185  1.25%  86.8 1425s
 2789433 123382     cutoff   42       513.00000  519.29602  1.23%  86.7 1430s
 2804894 115355     cutoff   40       513.00000  519.10029  1.19%  86.5 1435s
 2820041 108071     cutoff   59       513.00000  518.90294  1.15%  86.4 1440s
 2833183 99752     cutoff   56       513.00000  518.71344  1.11%  86.2 1445s
 2849253 90610     cutoff   69       513.00000  518.46529  1.07%  86.1 1450s
 2863024 81818  515.40853   51   64  513.00000  518.23728  1.02%  85.9 1456s
 2875703 75159  514.53416   59   49  513.00000  518.06886  0.99%  85.7 1460s
 2890828 64839     cutoff   53       513.00000  517.75516  0.93%  85.5 1465s
 2908132 52579     cutoff   52       513.00000  517.34239  0.85%  85.3 1470s
 2929358 36127     cutoff   66       513.00000  516.72587  0.73%  85.0 1475s
 2950052 18675     cutoff   44       513.00000  515.95417  0.58%  84.6 1480s

Cutting planes:
  Gomory: 31
  Lift-and-project: 104
  Cover: 10
  Implied bound: 1
  MIR: 762
  StrongCG: 204
  Flow cover: 361
  Inf proof: 2
  RLT: 346
  Relax-and-lift: 1
  BQP: 127

Explored 2972201 nodes (250139307 simplex iterations) in 1483.41 seconds (3080.94 work units)
Thread count was 16 (of 16 available processors)

Solution count 4: 513 507 494 491 

Optimal solution found (tolerance 1.00e-04)
Best objective 5.130000000000e+02, best bound 5.130000000000e+02, gap 0.0000%
